Number of roofs
46
Roofs properties
1002 2 1.5 30.0 0.018 -9999 -9999 100.0 -9999 -9999
1005 5 1.5 30.0 0.018 -9999 -9999 100.0 -9999 -9999
1011 11 1.5 30.0 0.018 -9999 -9999 100.0 -9999 -9999
1012 12 1.5 30.0 0.018 -9999 -9999 100.0 -9999 -9999
1013 13 1.5 30.0 0.018 -9999 -9999 100.0 -9999 -9999
1014 14 1.5 30.0 0.018 -9999 -9999 100.0 -9999 -9999
1015 15 1.5 30.0 0.018 -9999 -9999 100.0 -9999 -9999
1016 16 1.5 30.0 0.018 -9999 -9999 100.0 -9999 -9999
1017 17 1.5 30.0 0.018 -9999 -9999 100.0 -9999 -9999
1018 18 1.5 30.0 0.018 -9999 -9999 100.0 -9999 -9999
1019 19 1.5 30.0 0.018 -9999 -9999 100.0 -9999 -9999
1020 20 1.5 30.0 0.018 -9999 -9999 100.0 -9999 -9999
1021 21 1.5 30.0 0.018 -9999 -9999 100.0 -9999 -9999
1022 22 1.5 30.0 0.018 -9999 -9999 100.0 -9999 -9999
1023 23 1.5 30.0 0.018 -9999 -9999 100.0 -9999 -9999
1024 24 1.5 30.0 0.018 -9999 -9999 100.0 -9999 -9999
1025 25 1.5 30.0 0.018 -9999 -9999 100.0 -9999 -9999
1026 26 1.5 30.0 0.018 -9999 -9999 100.0 -9999 -9999
1027 27 1.5 30.0 0.018 -9999 -9999 100.0 -9999 -9999
1028 28 1.5 30.0 0.018 -9999 -9999 100.0 -9999 -9999
1029 29 1.5 30.0 0.018 -9999 -9999 100.0 -9999 -9999
1030 30 1.5 30.0 0.018 -9999 -9999 100.0 -9999 -9999
1031 31 1.5 30.0 0.018 -9999 -9999 100.0 -9999 -9999
1032 32 1.5 30.0 0.018 -9999 -9999 100.0 -9999 -9999
1035 35 1.5 30.0 0.018 -9999 -9999 100.0 -9999 -9999
1036 36 1.5 30.0 0.018 -9999 -9999 100.0 -9999 -9999
1038 38 1.5 30.0 0.018 -9999 -9999 100.0 -9999 -9999
1039 39 1.5 30.0 0.018 -9999 -9999 100.0 -9999 -9999
1040 40 1.5 30.0 0.018 -9999 -9999 100.0 -9999 -9999
1041 41 1.5 30.0 0.018 -9999 -9999 100.0 -9999 -9999
1042 42 1.5 30.0 0.018 -9999 -9999 100.0 -9999 -9999
1043 43 1.5 30.0 0.018 -9999 -9999 100.0 -9999 -9999
1044 44 1.5 30.0 0.018 -9999 -9999 100.0 -9999 -9999
1045 45 1.5 30.0 0.018 -9999 -9999 100.0 -9999 -9999
1046 46 1.5 30.0 0.018 -9999 -9999 100.0 -9999 -9999
1047 47 1.5 30.0 0.018 -9999 -9999 100.0 -9999 -9999
1048 48 1.5 30.0 0.018 -9999 -9999 100.0 -9999 -9999
1050 50 1.5 30.0 0.018 -9999 -9999 100.0 -9999 -9999
1052 52 1.5 30.0 0.018 -9999 -9999 100.0 -9999 -9999
1054 54 1.5 30.0 0.018 -9999 -9999 100.0 -9999 -9999
1055 55 1.5 30.0 0.018 -9999 -9999 100.0 -9999 -9999
1056 56 1.5 30.0 0.018 -9999 -9999 100.0 -9999 -9999
1057 57 1.5 30.0 0.018 -9999 -9999 100.0 -9999 -9999
1058 58 1.5 30.0 0.018 -9999 -9999 100.0 -9999 -9999
1059 59 1.5 30.0 0.018 -9999 -9999 100.0 -9999 -9999
1060 60 1.5 30.0 0.018 -9999 -9999 100.0 -9999 -9999

Roof elements
7157 2
7158 2
7159 2
7160 2
7161 2
7162 2
7163 2
7164 2
7165 2
7166 2
7167 5
7168 5
7169 5
7170 5
7171 5
7172 5
7173 11
7174 11
7175 11
7176 11
7177 11
7178 11
7179 11
7180 11
7181 11
7182 11
7183 11
7184 11
7185 11
7186 11
7187 11
7188 11
7189 11
7190 11
7191 12
7192 12
7193 12
7194 12
7195 13
7196 13
7197 13
7198 13
7199 14
7200 14
7201 14
7202 14
7203 14
7204 15
7205 15
7206 16
7207 16
7208 17
7209 17
7210 17
7211 17
7212 17
7213 17
7214 17
7215 18
7216 18
7217 19
7218 19
7219 19
7220 19
7221 19
7222 19
7223 20
7224 20
7225 21
7226 21
7227 21
7228 21
7229 21
7230 21
7231 21
7232 21
7233 22
7234 22
7235 22
7236 22
7237 22
7238 22
7239 22
7240 22
7241 22
7242 22
7243 23
7244 23
7245 23
7246 23
7247 24
7248 24
7249 24
7250 24
7251 25
7252 25
7253 25
7254 25
7255 25
7256 25
7257 25
7258 26
7259 26
7260 26
7261 26
7262 26
7263 26
7264 26
7265 26
7266 26
7267 26
7268 26
7269 27
7270 27
7271 27
7272 27
7273 27
7274 27
7275 27
7276 27
7277 27
7278 27
7279 27
7280 27
7281 28
7282 28
7283 28
7284 28
7285 28
7286 28
7287 28
7288 29
7289 29
7290 29
7291 29
7292 29
7293 29
7294 29
7295 29
7296 29
7297 29
7298 29
7299 29
7300 29
7301 29
7302 29
7303 30
7304 30
7305 30
7306 30
7307 30
7308 30
7309 30
7310 30
7311 30
7312 31
7313 31
7314 31
7315 31
7316 31
7317 31
7318 31
7319 31
7320 31
7321 32
7322 32
7323 32
7324 32
7325 32
7326 32
7327 35
7328 35
7329 35
7330 35
7331 35
7332 35
7333 36
7334 36
7335 36
7336 36
7337 36
7338 36
7339 36
7340 36
7341 36
7342 36
7343 36
7344 36
7345 36
7346 38
7347 38
7348 38
7349 38
7350 38
7351 38
7352 38
7353 38
7354 38
7355 38
7356 39
7357 39
7358 39
7359 39
7360 39
7361 39
7362 39
7363 39
7364 39
7365 39
7366 39
7367 39
7368 39
7369 39
7370 39
7371 39
7372 39
7373 40
7374 40
7375 40
7376 40
7377 40
7378 41
7379 41
7380 41
7381 41
7382 42
7383 42
7384 42
7385 42
7386 43
7387 43
7388 43
7389 43
7390 44
7391 44
7392 44
7393 44
7394 44
7395 45
7396 45
7397 45
7398 45
7399 45
7400 45
7401 45
7402 46
7403 46
7404 46
7405 46
7406 46
7407 46
7408 46
7409 46
7410 46
7411 46
7412 46
7413 46
7414 47
7415 47
7416 47
7417 47
7418 47
7419 47
7420 47
7421 47
7422 48
7423 48
7424 48
7425 48
7426 50
7427 50
7428 50
7429 50
7430 50
7431 50
7432 50
7433 52
7434 52
7435 52
7436 54
7437 54
7438 54
7439 54
7440 55
7441 55
7442 56
7443 56
7444 56
7445 56
7446 57
7447 57
7448 57
7449 57
7450 57
7451 57
7452 57
7453 57
7454 57
7455 57
7456 57
7457 57
7458 58
7459 58
7460 58
7461 58
7462 58
7463 58
7464 58
7465 59
7466 59
7467 60
7468 60
7469 60
7470 60
7471 60
7472 60
7473 60
7474 60
7475 60
