2 0 0 0
1 65.0
2 65.0
3 65.0
4 65.0
5 65.0
6 65.0
7 65.0
8 65.0
9 65.0
10 65.0
11 65.0
12 65.0
13 65.0
14 65.0
15 65.0
16 65.0
17 65.0
18 65.0
19 65.0
20 65.0
21 65.0
22 65.0
23 65.0
24 65.0
25 65.0
26 65.0
27 65.0
28 65.0
29 65.0
30 65.0
31 65.0
32 65.0
33 65.0
34 65.0
35 65.0
36 65.0
37 65.0
38 65.0
39 65.0
40 65.0
41 65.0
42 65.0
43 65.0
44 65.0
45 65.0
46 65.0
47 65.0
48 65.0
49 65.0
50 65.0
51 65.0
52 65.0
53 65.0
54 65.0
55 65.0
56 65.0
57 65.0
58 65.0
59 65.0
60 65.0
61 65.0
62 65.0
63 65.0
64 65.0
65 65.0
66 65.0
67 65.0
68 65.0
69 65.0
70 65.0
71 65.0
72 65.0
73 65.0
74 65.0
75 65.0
76 65.0
77 65.0
78 65.0
79 65.0
80 65.0
81 65.0
82 65.0
83 65.0
84 65.0
85 65.0
86 65.0
87 65.0
88 65.0
89 65.0
90 65.0
91 65.0
92 65.0
93 65.0
94 65.0
95 65.0
96 65.0
97 65.0
98 65.0
99 65.0
100 65.0
101 65.0
102 65.0
103 65.0
104 65.0
105 65.0
106 65.0
107 65.0
108 65.0
109 65.0
110 65.0
111 65.0
112 65.0
113 65.0
114 65.0
115 65.0
116 65.0
117 65.0
118 65.0
119 65.0
120 65.0
121 65.0
122 65.0
123 65.0
124 65.0
125 65.0
126 65.0
127 65.0
128 65.0
129 65.0
130 65.0
131 65.0
132 65.0
133 65.0
134 65.0
135 65.0
136 65.0
137 65.0
138 65.0
139 65.0
140 65.0
141 65.0
142 65.0
143 65.0
144 65.0
145 65.0
146 65.0
147 65.0
148 65.0
149 65.0
150 65.0
151 65.0
152 65.0
153 65.0
154 65.0
155 65.0
156 65.0
157 65.0
158 65.0
159 65.0
160 65.0
161 65.0
162 65.0
163 65.0
164 65.0
165 65.0
166 65.0
167 65.0
168 65.0
169 65.0
170 65.0
171 65.0
172 65.0
173 65.0
174 65.0
175 65.0
176 65.0
177 65.0
178 65.0
179 65.0
180 65.0
181 65.0
182 65.0
183 65.0
184 65.0
185 65.0
186 65.0
187 65.0
188 65.0
189 65.0
190 65.0
191 65.0
192 65.0
193 65.0
194 65.0
195 65.0
196 65.0
197 65.0
198 65.0
199 65.0
200 65.0
201 65.0
202 65.0
203 65.0
204 65.0
205 65.0
206 65.0
207 65.0
208 65.0
209 65.0
210 65.0
211 65.0
212 65.0
213 65.0
214 65.0
215 65.0
216 65.0
217 65.0
218 65.0
219 65.0
220 65.0
221 65.0
222 65.0
223 65.0
224 65.0
225 65.0
226 65.0
227 65.0
228 65.0
229 65.0
230 65.0
231 65.0
232 65.0
233 65.0
234 65.0
235 65.0
236 65.0
237 65.0
238 65.0
239 65.0
240 65.0
241 65.0
242 65.0
243 65.0
244 65.0
245 65.0
246 65.0
247 65.0
248 65.0
249 65.0
250 65.0
251 65.0
252 65.0
253 65.0
254 65.0
255 65.0
256 65.0
257 65.0
258 65.0
259 65.0
260 65.0
261 65.0
262 65.0
263 65.0
264 65.0
265 65.0
266 65.0
267 65.0
268 65.0
269 65.0
270 65.0
271 65.0
272 65.0
273 65.0
274 65.0
275 65.0
276 65.0
277 65.0
278 65.0
279 65.0
280 65.0
281 65.0
282 65.0
283 65.0
284 65.0
285 65.0
286 65.0
287 65.0
288 65.0
289 65.0
290 65.0
291 65.0
292 65.0
293 65.0
294 65.0
295 65.0
296 65.0
297 65.0
298 65.0
299 65.0
300 65.0
301 65.0
302 65.0
303 65.0
304 65.0
305 65.0
306 65.0
307 65.0
308 65.0
309 65.0
310 65.0
311 65.0
312 65.0
313 65.0
314 65.0
315 65.0
316 65.0
317 65.0
318 65.0
319 65.0
320 65.0
321 65.0
322 65.0
323 65.0
324 65.0
325 65.0
326 65.0
327 65.0
328 65.0
329 65.0
330 65.0
331 65.0
332 65.0
333 65.0
334 65.0
335 65.0
336 65.0
337 65.0
338 65.0
339 65.0
340 65.0
341 65.0
342 65.0
343 65.0
344 65.0
345 65.0
346 65.0
347 65.0
348 65.0
349 65.0
350 65.0
351 65.0
352 65.0
353 65.0
354 65.0
355 65.0
356 65.0
357 65.0
358 65.0
359 65.0
360 65.0
361 65.0
362 65.0
363 65.0
364 65.0
365 65.0
366 65.0
367 65.0
368 65.0
369 65.0
370 65.0
371 65.0
372 65.0
373 65.0
374 65.0
375 65.0
376 65.0
377 65.0
378 65.0
379 65.0
380 65.0
381 65.0
382 65.0
383 65.0
384 65.0
385 65.0
386 65.0
387 65.0
388 65.0
389 65.0
390 65.0
391 65.0
392 65.0
393 65.0
394 65.0
395 65.0
396 65.0
397 65.0
398 65.0
399 65.0
400 65.0
401 65.0
402 65.0
403 65.0
404 65.0
405 65.0
406 65.0
407 65.0
408 65.0
409 65.0
410 65.0
411 65.0
412 65.0
413 65.0
414 65.0
415 65.0
416 65.0
417 65.0
418 65.0
419 65.0
420 65.0
421 65.0
422 65.0
423 65.0
424 65.0
425 65.0
426 65.0
427 65.0
428 65.0
429 65.0
430 65.0
431 65.0
432 65.0
433 65.0
434 65.0
435 65.0
436 65.0
437 65.0
438 65.0
439 65.0
440 65.0
441 65.0
442 65.0
443 65.0
444 65.0
445 65.0
446 65.0
447 65.0
448 65.0
449 65.0
450 65.0
451 65.0
452 65.0
453 65.0
454 65.0
455 65.0
456 65.0
457 65.0
458 65.0
459 65.0
460 65.0
461 65.0
462 65.0
463 65.0
464 65.0
465 65.0
466 65.0
467 65.0
468 65.0
469 65.0
470 65.0
471 65.0
472 65.0
473 65.0
474 65.0
475 65.0
476 65.0
477 65.0
478 65.0
479 65.0
480 65.0
481 65.0
482 65.0
483 65.0
484 65.0
485 65.0
486 65.0
487 65.0
488 65.0
489 65.0
490 65.0
491 65.0
492 65.0
493 65.0
494 65.0
495 65.0
496 65.0
497 65.0
498 65.0
499 65.0
500 65.0
501 65.0
502 65.0
503 65.0
504 65.0
505 65.0
506 65.0
507 65.0
508 65.0
509 65.0
510 65.0
511 65.0
512 65.0
513 65.0
514 65.0
515 65.0
516 65.0
517 65.0
518 65.0
519 65.0
520 65.0
521 65.0
522 65.0
523 65.0
524 65.0
525 65.0
526 65.0
527 65.0
528 65.0
529 65.0
530 65.0
531 65.0
532 65.0
533 65.0
534 65.0
535 65.0
536 65.0
537 65.0
538 65.0
539 65.0
540 65.0
541 65.0
542 65.0
543 65.0
544 65.0
545 65.0
546 65.0
547 65.0
548 65.0
549 65.0
550 65.0
551 65.0
552 65.0
553 65.0
554 65.0
555 65.0
556 65.0
557 65.0
558 65.0
559 65.0
560 65.0
561 65.0
562 65.0
563 65.0
564 65.0
565 65.0
566 65.0
567 65.0
568 65.0
569 65.0
570 65.0
571 65.0
572 65.0
573 65.0
574 65.0
575 65.0
576 65.0
577 65.0
578 65.0
579 65.0
580 65.0
581 65.0
582 65.0
583 65.0
584 65.0
585 65.0
586 65.0
587 65.0
588 65.0
589 65.0
590 65.0
591 65.0
592 65.0
593 65.0
594 65.0
595 65.0
596 65.0
597 65.0
598 65.0
599 65.0
600 65.0
601 65.0
602 65.0
603 65.0
604 65.0
605 65.0
606 65.0
607 65.0
608 65.0
609 65.0
610 65.0
611 65.0
612 65.0
613 65.0
614 65.0
615 65.0
616 65.0
617 65.0
618 65.0
619 65.0
620 65.0
621 65.0
622 65.0
623 65.0
624 65.0
625 65.0
626 65.0
627 65.0
628 65.0
629 65.0
630 65.0
631 65.0
632 65.0
633 65.0
634 65.0
635 65.0
636 65.0
637 65.0
638 65.0
639 65.0
640 65.0
641 65.0
642 65.0
643 65.0
644 65.0
645 65.0
646 65.0
647 65.0
648 65.0
649 65.0
650 65.0
651 65.0
652 65.0
653 65.0
654 65.0
655 65.0
656 65.0
657 65.0
658 65.0
659 65.0
660 65.0
661 65.0
662 65.0
663 65.0
664 65.0
665 65.0
666 65.0
667 65.0
668 65.0
669 65.0
670 65.0
671 65.0
672 65.0
673 65.0
674 65.0
675 65.0
676 65.0
677 65.0
678 65.0
679 65.0
680 65.0
681 65.0
682 65.0
683 65.0
684 65.0
685 65.0
686 65.0
687 65.0
688 65.0
689 65.0
690 65.0
691 65.0
692 65.0
693 65.0
694 65.0
695 65.0
696 65.0
697 65.0
698 65.0
699 65.0
700 65.0
701 65.0
702 65.0
703 65.0
704 65.0
705 65.0
706 65.0
707 65.0
708 65.0
709 65.0
710 65.0
711 65.0
712 65.0
713 65.0
714 65.0
715 65.0
716 65.0
717 65.0
718 65.0
719 65.0
720 65.0
721 65.0
722 65.0
723 65.0
724 65.0
725 65.0
726 65.0
727 65.0
728 65.0
729 65.0
730 65.0
731 65.0
732 65.0
733 65.0
734 65.0
735 65.0
736 65.0
737 65.0
738 65.0
739 65.0
740 65.0
741 65.0
742 65.0
743 65.0
744 65.0
745 65.0
746 65.0
747 65.0
748 65.0
749 65.0
750 65.0
751 65.0
752 65.0
753 65.0
754 65.0
755 65.0
756 65.0
757 65.0
758 65.0
759 65.0
760 65.0
761 65.0
762 65.0
763 65.0
764 65.0
765 65.0
766 65.0
767 65.0
768 65.0
769 65.0
770 65.0
771 65.0
772 65.0
773 65.0
774 65.0
775 65.0
776 65.0
777 65.0
778 65.0
779 65.0
780 65.0
781 65.0
782 65.0
783 65.0
784 65.0
785 65.0
786 65.0
787 65.0
788 65.0
789 65.0
790 65.0
791 65.0
792 65.0
793 65.0
794 65.0
795 65.0
796 65.0
797 65.0
798 65.0
799 65.0
800 65.0
801 65.0
802 65.0
803 65.0
804 65.0
805 65.0
806 65.0
807 65.0
808 65.0
809 65.0
810 65.0
811 65.0
812 65.0
813 65.0
814 65.0
815 65.0
816 65.0
817 65.0
818 65.0
819 65.0
820 65.0
821 65.0
822 65.0
823 65.0
824 65.0
825 65.0
826 65.0
827 65.0
828 65.0
829 65.0
830 65.0
831 65.0
832 65.0
833 65.0
834 65.0
835 65.0
836 65.0
837 65.0
838 65.0
839 65.0
840 65.0
841 65.0
842 65.0
843 65.0
844 65.0
845 65.0
846 65.0
847 65.0
848 65.0
849 65.0
850 65.0
851 65.0
852 65.0
853 65.0
854 65.0
855 65.0
856 65.0
857 65.0
858 65.0
859 65.0
860 65.0
861 65.0
862 65.0
863 65.0
864 65.0
865 65.0
866 65.0
867 65.0
868 65.0
869 65.0
870 65.0
871 65.0
872 65.0
873 65.0
874 65.0
875 65.0
876 65.0
877 65.0
878 65.0
879 65.0
880 65.0
881 65.0
882 65.0
883 65.0
884 65.0
885 65.0
886 65.0
887 65.0
888 65.0
889 65.0
890 65.0
891 65.0
892 65.0
893 65.0
894 65.0
895 65.0
896 65.0
897 65.0
898 65.0
899 65.0
900 65.0
901 65.0
902 65.0
903 65.0
904 65.0
905 65.0
906 65.0
907 65.0
908 65.0
909 65.0
910 65.0
911 65.0
912 65.0
913 65.0
914 65.0
915 65.0
916 65.0
917 65.0
918 65.0
919 65.0
920 65.0
921 65.0
922 65.0
923 65.0
924 65.0
925 65.0
926 65.0
927 65.0
928 65.0
929 65.0
930 65.0
931 65.0
932 65.0
933 65.0
934 65.0
935 65.0
936 65.0
937 65.0
938 65.0
939 65.0
940 65.0
941 65.0
942 65.0
943 65.0
944 65.0
945 65.0
946 65.0
947 65.0
948 65.0
949 65.0
950 65.0
951 65.0
952 65.0
953 65.0
954 65.0
955 65.0
956 65.0
957 65.0
958 65.0
959 65.0
960 65.0
961 65.0
962 65.0
963 65.0
964 65.0
965 65.0
966 65.0
967 65.0
968 65.0
969 65.0
970 65.0
971 65.0
972 65.0
973 65.0
974 65.0
975 65.0
976 65.0
977 65.0
978 65.0
979 65.0
980 65.0
981 65.0
982 65.0
983 65.0
984 65.0
985 65.0
986 65.0
987 65.0
988 65.0
989 65.0
990 65.0
991 65.0
992 65.0
993 65.0
994 65.0
995 65.0
996 65.0
997 65.0
998 65.0
999 65.0
1000 65.0
1001 65.0
1002 65.0
1003 65.0
1004 65.0
1005 65.0
1006 65.0
1007 65.0
1008 65.0
1009 65.0
1010 65.0
1011 65.0
1012 65.0
1013 65.0
1014 65.0
1015 65.0
1016 65.0
1017 65.0
1018 65.0
1019 65.0
1020 65.0
1021 65.0
1022 65.0
1023 65.0
1024 65.0
1025 65.0
1026 65.0
1027 65.0
1028 65.0
1029 65.0
1030 65.0
1031 65.0
1032 65.0
1033 65.0
1034 65.0
1035 65.0
1036 65.0
1037 65.0
1038 65.0
1039 65.0
1040 65.0
1041 65.0
1042 65.0
1043 65.0
1044 65.0
1045 65.0
1046 65.0
1047 65.0
1048 65.0
1049 65.0
1050 65.0
1051 65.0
1052 65.0
1053 65.0
1054 65.0
1055 65.0
1056 65.0
1057 65.0
1058 65.0
1059 65.0
1060 65.0
1061 65.0
1062 65.0
1063 65.0
1064 65.0
1065 65.0
1066 65.0
1067 65.0
1068 65.0
1069 65.0
1070 65.0
1071 65.0
1072 65.0
1073 65.0
1074 65.0
1075 65.0
1076 65.0
1077 65.0
1078 65.0
1079 65.0
1080 65.0
1081 65.0
1082 65.0
1083 65.0
1084 65.0
1085 65.0
1086 65.0
1087 65.0
1088 65.0
1089 65.0
1090 65.0
1091 65.0
1092 65.0
1093 65.0
1094 65.0
1095 65.0
1096 65.0
1097 65.0
1098 65.0
1099 65.0
1100 65.0
1101 65.0
1102 65.0
1103 65.0
1104 65.0
1105 65.0
1106 65.0
1107 65.0
1108 65.0
1109 65.0
1110 65.0
1111 65.0
1112 65.0
1113 65.0
1114 65.0
1115 65.0
1116 65.0
1117 65.0
1118 65.0
1119 65.0
1120 65.0
1121 65.0
1122 65.0
1123 65.0
1124 65.0
1125 65.0
1126 65.0
1127 65.0
1128 65.0
1129 65.0
1130 65.0
1131 65.0
1132 65.0
1133 65.0
1134 65.0
1135 65.0
1136 65.0
1137 65.0
1138 65.0
1139 65.0
1140 65.0
1141 65.0
1142 65.0
1143 65.0
1144 65.0
1145 65.0
1146 65.0
1147 65.0
1148 65.0
1149 65.0
1150 65.0
1151 65.0
1152 65.0
1153 65.0
1154 65.0
1155 65.0
1156 65.0
1157 65.0
1158 65.0
1159 65.0
1160 65.0
1161 65.0
1162 65.0
1163 65.0
1164 65.0
1165 65.0
1166 65.0
1167 65.0
1168 65.0
1169 65.0
1170 65.0
1171 65.0
1172 65.0
1173 65.0
1174 65.0
1175 65.0
1176 65.0
1177 65.0
1178 65.0
1179 65.0
1180 65.0
1181 65.0
1182 65.0
1183 65.0
1184 65.0
1185 65.0
1186 65.0
1187 65.0
1188 65.0
1189 65.0
1190 65.0
1191 65.0
1192 65.0
1193 65.0
1194 65.0
1195 65.0
1196 65.0
1197 65.0
1198 65.0
1199 65.0
1200 65.0
1201 65.0
1202 65.0
1203 65.0
1204 65.0
1205 65.0
1206 65.0
1207 65.0
1208 65.0
1209 65.0
1210 65.0
1211 65.0
1212 65.0
1213 65.0
1214 65.0
1215 65.0
1216 65.0
1217 65.0
1218 65.0
1219 65.0
1220 65.0
1221 65.0
1222 65.0
1223 65.0
1224 65.0
1225 65.0
1226 65.0
1227 65.0
1228 65.0
1229 65.0
1230 65.0
1231 65.0
1232 65.0
1233 65.0
1234 65.0
1235 65.0
1236 65.0
1237 65.0
1238 65.0
1239 65.0
1240 65.0
1241 65.0
1242 65.0
1243 65.0
1244 65.0
1245 65.0
1246 65.0
1247 65.0
1248 65.0
1249 65.0
1250 65.0
1251 65.0
1252 65.0
1253 65.0
1254 65.0
1255 65.0
1256 65.0
1257 65.0
1258 65.0
1259 65.0
1260 65.0
1261 65.0
1262 65.0
1263 65.0
1264 65.0
1265 65.0
1266 65.0
1267 65.0
1268 65.0
1269 65.0
1270 65.0
1271 65.0
1272 65.0
1273 65.0
1274 65.0
1275 65.0
1276 65.0
1277 65.0
1278 65.0
1279 65.0
1280 65.0
1281 65.0
1282 65.0
1283 65.0
1284 65.0
1285 65.0
1286 65.0
1287 65.0
1288 65.0
1289 65.0
1290 65.0
1291 65.0
1292 65.0
1293 65.0
1294 65.0
1295 65.0
1296 65.0
1297 65.0
1298 65.0
1299 65.0
1300 65.0
1301 65.0
1302 65.0
1303 65.0
1304 65.0
1305 65.0
1306 65.0
1307 65.0
1308 65.0
1309 65.0
1310 65.0
1311 65.0
1312 65.0
1313 65.0
1314 65.0
1315 65.0
1316 65.0
1317 65.0
1318 65.0
1319 65.0
1320 65.0
1321 65.0
1322 65.0
1323 65.0
1324 65.0
1325 65.0
1326 65.0
1327 65.0
1328 65.0
1329 65.0
1330 65.0
1331 65.0
1332 65.0
1333 65.0
1334 65.0
1335 65.0
1336 65.0
1337 65.0
1338 65.0
1339 65.0
1340 65.0
1341 65.0
1342 65.0
1343 65.0
1344 65.0
1345 65.0
1346 65.0
1347 65.0
1348 65.0
1349 65.0
1350 65.0
1351 65.0
1352 65.0
1353 65.0
1354 65.0
1355 65.0
1356 65.0
1357 65.0
1358 65.0
1359 65.0
1360 65.0
1361 65.0
1362 65.0
1363 65.0
1364 65.0
1365 65.0
1366 65.0
1367 65.0
1368 65.0
1369 65.0
1370 65.0
1371 65.0
1372 65.0
1373 65.0
1374 65.0
1375 65.0
1376 65.0
1377 65.0
1378 65.0
1379 65.0
1380 65.0
1381 65.0
1382 65.0
1383 65.0
1384 65.0
1385 65.0
1386 65.0
1387 65.0
1388 65.0
1389 65.0
1390 65.0
1391 65.0
1392 65.0
1393 65.0
1394 65.0
1395 65.0
1396 65.0
1397 65.0
1398 65.0
1399 65.0
1400 65.0
1401 65.0
1402 65.0
1403 65.0
1404 65.0
1405 65.0
1406 65.0
1407 65.0
1408 65.0
1409 65.0
1410 65.0
1411 65.0
1412 65.0
1413 65.0
1414 65.0
1415 65.0
1416 65.0
1417 65.0
1418 65.0
1419 65.0
1420 65.0
1421 65.0
1422 65.0
1423 65.0
1424 65.0
1425 65.0
1426 65.0
1427 65.0
1428 65.0
1429 65.0
1430 65.0
1431 65.0
1432 65.0
1433 65.0
1434 65.0
1435 65.0
1436 65.0
1437 65.0
1438 65.0
1439 65.0
1440 65.0
1441 65.0
1442 65.0
1443 65.0
1444 65.0
1445 65.0
1446 65.0
1447 65.0
1448 65.0
1449 65.0
1450 65.0
1451 65.0
1452 65.0
1453 65.0
1454 65.0
1455 65.0
1456 65.0
1457 65.0
1458 65.0
1459 65.0
1460 65.0
1461 65.0
1462 65.0
1463 65.0
1464 65.0
1465 65.0
1466 65.0
1467 65.0
1468 65.0
1469 65.0
1470 65.0
1471 65.0
1472 65.0
1473 65.0
1474 65.0
1475 65.0
1476 65.0
1477 65.0
1478 65.0
1479 65.0
1480 65.0
1481 65.0
1482 65.0
1483 65.0
1484 65.0
1485 65.0
1486 65.0
1487 65.0
1488 65.0
1489 65.0
1490 65.0
1491 65.0
1492 65.0
1493 65.0
1494 65.0
1495 65.0
1496 65.0
1497 65.0
1498 65.0
1499 65.0
1500 65.0
1501 65.0
1502 65.0
1503 65.0
1504 65.0
1505 65.0
1506 65.0
1507 65.0
1508 65.0
1509 65.0
1510 65.0
1511 65.0
1512 65.0
1513 65.0
1514 65.0
1515 65.0
1516 65.0
1517 65.0
1518 65.0
1519 65.0
1520 65.0
1521 65.0
1522 65.0
1523 65.0
1524 65.0
1525 65.0
1526 65.0
1527 65.0
1528 65.0
1529 65.0
1530 65.0
1531 65.0
1532 65.0
1533 65.0
1534 65.0
1535 65.0
1536 65.0
1537 65.0
1538 65.0
1539 65.0
1540 65.0
1541 65.0
1542 65.0
1543 65.0
1544 65.0
1545 65.0
1546 65.0
1547 65.0
1548 65.0
1549 65.0
1550 65.0
1551 65.0
1552 65.0
1553 65.0
1554 65.0
1555 65.0
1556 65.0
1557 65.0
1558 65.0
1559 65.0
1560 65.0
1561 65.0
1562 65.0
1563 65.0
1564 65.0
1565 65.0
1566 65.0
1567 65.0
1568 65.0
1569 65.0
1570 65.0
1571 65.0
1572 65.0
1573 65.0
1574 65.0
1575 65.0
1576 65.0
1577 65.0
1578 65.0
1579 65.0
1580 65.0
1581 65.0
1582 65.0
1583 65.0
1584 65.0
1585 65.0
1586 65.0
1587 65.0
1588 65.0
1589 65.0
1590 65.0
1591 65.0
1592 65.0
1593 65.0
1594 65.0
1595 65.0
1596 65.0
1597 65.0
1598 65.0
1599 65.0
1600 65.0
1601 65.0
1602 65.0
1603 65.0
1604 65.0
1605 65.0
1606 65.0
1607 65.0
1608 65.0
1609 65.0
1610 65.0
1611 65.0
1612 65.0
1613 65.0
1614 65.0
1615 65.0
1616 65.0
1617 65.0
1618 65.0
1619 65.0
1620 65.0
1621 65.0
1622 65.0
1623 65.0
1624 65.0
1625 65.0
1626 65.0
1627 65.0
1628 65.0
1629 65.0
1630 65.0
1631 65.0
1632 65.0
1633 65.0
1634 65.0
1635 65.0
1636 65.0
1637 65.0
1638 65.0
1639 65.0
1640 65.0
1641 65.0
1642 65.0
1643 65.0
1644 65.0
1645 65.0
1646 65.0
1647 65.0
1648 65.0
1649 65.0
1650 65.0
1651 65.0
1652 65.0
1653 65.0
1654 65.0
1655 65.0
1656 65.0
1657 65.0
1658 65.0
1659 65.0
1660 65.0
1661 65.0
1662 65.0
1663 65.0
1664 65.0
1665 65.0
1666 65.0
1667 65.0
1668 65.0
1669 65.0
1670 65.0
1671 65.0
1672 65.0
1673 65.0
1674 65.0
1675 65.0
1676 65.0
1677 65.0
1678 65.0
1679 65.0
1680 65.0
1681 65.0
1682 65.0
1683 65.0
1684 65.0
1685 65.0
1686 65.0
1687 65.0
1688 65.0
1689 65.0
1690 65.0
1691 65.0
1692 65.0
1693 65.0
1694 65.0
1695 65.0
1696 65.0
1697 65.0
1698 65.0
1699 65.0
1700 65.0
1701 65.0
1702 65.0
1703 65.0
1704 65.0
1705 65.0
1706 65.0
1707 65.0
1708 65.0
1709 65.0
1710 65.0
1711 65.0
1712 65.0
1713 65.0
1714 65.0
1715 65.0
1716 65.0
1717 65.0
1718 65.0
1719 65.0
1720 65.0
1721 65.0
1722 65.0
1723 65.0
1724 65.0
1725 65.0
1726 65.0
1727 65.0
1728 65.0
1729 65.0
1730 65.0
1731 65.0
1732 65.0
1733 65.0
1734 65.0
1735 65.0
1736 65.0
1737 65.0
1738 65.0
1739 65.0
1740 65.0
1741 65.0
1742 65.0
1743 65.0
1744 65.0
1745 65.0
1746 65.0
1747 65.0
1748 65.0
1749 65.0
1750 65.0
1751 65.0
1752 65.0
1753 65.0
1754 65.0
1755 65.0
1756 65.0
1757 65.0
1758 65.0
1759 65.0
1760 65.0
1761 65.0
1762 65.0
1763 65.0
1764 65.0
1765 65.0
1766 65.0
1767 65.0
1768 65.0
1769 65.0
1770 65.0
1771 65.0
1772 65.0
1773 65.0
1774 65.0
1775 65.0
1776 65.0
1777 65.0
1778 65.0
1779 65.0
1780 65.0
1781 65.0
1782 65.0
1783 65.0
1784 65.0
1785 65.0
1786 65.0
1787 65.0
1788 65.0
1789 65.0
1790 65.0
1791 65.0
1792 65.0
1793 65.0
1794 65.0
1795 65.0
1796 65.0
1797 65.0
1798 65.0
1799 65.0
1800 65.0
1801 65.0
1802 65.0
1803 65.0
1804 65.0
1805 65.0
1806 65.0
1807 65.0
1808 65.0
1809 65.0
1810 65.0
1811 65.0
1812 65.0
1813 65.0
1814 65.0
1815 65.0
1816 65.0
1817 65.0
1818 65.0
1819 65.0
1820 65.0
1821 65.0
1822 65.0
1823 65.0
1824 65.0
1825 65.0
1826 65.0
1827 65.0
1828 65.0
1829 65.0
1830 65.0
1831 65.0
1832 65.0
1833 65.0
1834 65.0
1835 65.0
1836 65.0
1837 65.0
1838 65.0
1839 65.0
1840 65.0
1841 65.0
1842 65.0
1843 65.0
1844 65.0
1845 65.0
1846 65.0
1847 65.0
1848 65.0
1849 65.0
1850 65.0
1851 65.0
1852 65.0
1853 65.0
1854 65.0
1855 65.0
1856 65.0
1857 65.0
1858 65.0
1859 65.0
1860 65.0
1861 65.0
1862 65.0
1863 65.0
1864 65.0
1865 65.0
1866 65.0
1867 65.0
1868 65.0
1869 65.0
1870 65.0
1871 65.0
1872 65.0
1873 65.0
1874 65.0
1875 65.0
1876 65.0
1877 65.0
1878 65.0
1879 65.0
1880 65.0
1881 65.0
1882 65.0
1883 65.0
1884 65.0
1885 65.0
1886 65.0
1887 65.0
1888 65.0
1889 65.0
1890 65.0
1891 65.0
1892 65.0
1893 65.0
1894 65.0
1895 65.0
1896 65.0
1897 65.0
1898 65.0
1899 65.0
1900 65.0
1901 65.0
1902 65.0
1903 65.0
1904 65.0
1905 65.0
1906 65.0
1907 65.0
1908 65.0
1909 65.0
1910 65.0
1911 65.0
1912 65.0
1913 65.0
1914 65.0
1915 65.0
1916 65.0
1917 65.0
1918 65.0
1919 65.0
1920 65.0
1921 65.0
1922 65.0
1923 65.0
1924 65.0
1925 65.0
1926 65.0
1927 65.0
1928 65.0
1929 65.0
1930 65.0
1931 65.0
1932 65.0
1933 65.0
1934 65.0
1935 65.0
1936 65.0
1937 65.0
1938 65.0
1939 65.0
1940 65.0
1941 65.0
1942 65.0
1943 65.0
1944 65.0
1945 65.0
1946 65.0
1947 65.0
1948 65.0
1949 65.0
1950 65.0
1951 65.0
1952 65.0
1953 65.0
1954 65.0
1955 65.0
1956 65.0
1957 65.0
1958 65.0
1959 65.0
1960 65.0
1961 65.0
1962 65.0
1963 65.0
1964 65.0
1965 65.0
1966 65.0
1967 65.0
1968 65.0
1969 65.0
1970 65.0
1971 65.0
1972 65.0
1973 65.0
1974 65.0
1975 65.0
1976 65.0
1977 65.0
1978 65.0
1979 65.0
1980 65.0
1981 65.0
1982 65.0
1983 65.0
1984 65.0
1985 65.0
1986 65.0
1987 65.0
1988 65.0
1989 65.0
1990 65.0
1991 65.0
1992 65.0
1993 65.0
1994 65.0
1995 65.0
1996 65.0
1997 65.0
1998 65.0
1999 65.0
2000 65.0
2001 65.0
2002 65.0
2003 65.0
2004 65.0
2005 65.0
2006 65.0
2007 65.0
2008 65.0
2009 65.0
2010 65.0
2011 65.0
2012 65.0
2013 65.0
2014 65.0
2015 65.0
2016 65.0
2017 65.0
2018 65.0
2019 65.0
2020 65.0
2021 65.0
2022 65.0
2023 65.0
2024 65.0
2025 65.0
2026 65.0
2027 65.0
2028 65.0
2029 65.0
2030 65.0
2031 65.0
2032 65.0
2033 65.0
2034 65.0
2035 65.0
2036 65.0
2037 65.0
2038 65.0
2039 65.0
2040 65.0
2041 65.0
2042 65.0
2043 65.0
2044 65.0
2045 65.0
2046 65.0
2047 65.0
2048 65.0
2049 65.0
2050 65.0
2051 65.0
2052 65.0
2053 65.0
2054 65.0
2055 65.0
2056 65.0
2057 65.0
2058 65.0
2059 65.0
2060 65.0
2061 65.0
2062 65.0
2063 65.0
2064 65.0
2065 65.0
2066 65.0
2067 65.0
2068 65.0
2069 65.0
2070 65.0
2071 65.0
2072 65.0
2073 65.0
2074 65.0
2075 65.0
2076 65.0
2077 65.0
2078 65.0
2079 65.0
2080 65.0
2081 65.0
2082 65.0
2083 65.0
2084 65.0
2085 65.0
2086 65.0
2087 65.0
2088 65.0
2089 65.0
2090 65.0
2091 65.0
2092 65.0
2093 65.0
2094 65.0
2095 65.0
2096 65.0
2097 65.0
2098 65.0
2099 65.0
2100 65.0
2101 65.0
2102 65.0
2103 65.0
2104 65.0
2105 65.0
2106 65.0
2107 65.0
2108 65.0
2109 65.0
2110 65.0
2111 65.0
2112 65.0
2113 65.0
2114 65.0
2115 65.0
2116 65.0
2117 65.0
2118 65.0
2119 65.0
2120 65.0
2121 65.0
2122 65.0
2123 65.0
2124 65.0
2125 65.0
2126 65.0
2127 65.0
2128 65.0
2129 65.0
2130 65.0
2131 65.0
2132 65.0
2133 65.0
2134 65.0
2135 65.0
2136 65.0
2137 65.0
2138 65.0
2139 65.0
2140 65.0
2141 65.0
2142 65.0
2143 65.0
2144 65.0
2145 65.0
2146 65.0
2147 65.0
2148 65.0
2149 65.0
2150 65.0
2151 65.0
2152 65.0
2153 65.0
2154 65.0
2155 65.0
2156 65.0
2157 65.0
2158 65.0
2159 65.0
2160 65.0
2161 65.0
2162 65.0
2163 65.0
2164 65.0
2165 65.0
2166 65.0
2167 65.0
2168 65.0
2169 65.0
2170 65.0
2171 65.0
2172 65.0
2173 65.0
2174 65.0
2175 65.0
2176 65.0
2177 65.0
2178 65.0
2179 65.0
2180 65.0
2181 65.0
2182 65.0
2183 65.0
2184 65.0
2185 65.0
2186 65.0
2187 65.0
2188 65.0
2189 65.0
2190 65.0
2191 65.0
2192 65.0
2193 65.0
2194 65.0
2195 65.0
2196 65.0
2197 65.0
2198 65.0
2199 65.0
2200 65.0
2201 65.0
2202 65.0
2203 65.0
2204 65.0
2205 65.0
2206 65.0
2207 65.0
2208 65.0
2209 65.0
2210 65.0
2211 65.0
2212 65.0
2213 65.0
2214 65.0
2215 65.0
2216 65.0
2217 65.0
2218 65.0
2219 65.0
2220 65.0
2221 65.0
2222 65.0
2223 65.0
2224 65.0
2225 65.0
2226 65.0
2227 65.0
2228 65.0
2229 65.0
2230 65.0
2231 65.0
2232 65.0
2233 65.0
2234 65.0
2235 65.0
2236 65.0
2237 65.0
2238 65.0
2239 65.0
2240 65.0
2241 65.0
2242 65.0
2243 65.0
2244 65.0
2245 65.0
2246 65.0
2247 65.0
2248 65.0
2249 65.0
2250 65.0
2251 65.0
2252 65.0
2253 65.0
2254 65.0
2255 65.0
2256 65.0
2257 65.0
2258 65.0
2259 65.0
2260 65.0
2261 65.0
2262 65.0
2263 65.0
2264 65.0
2265 65.0
2266 65.0
2267 65.0
2268 65.0
2269 65.0
2270 65.0
2271 65.0
2272 65.0
2273 65.0
2274 65.0
2275 65.0
2276 65.0
2277 65.0
2278 65.0
2279 65.0
2280 65.0
2281 65.0
2282 65.0
2283 65.0
2284 65.0
2285 65.0
2286 65.0
2287 65.0
2288 65.0
2289 65.0
2290 65.0
2291 65.0
2292 65.0
2293 65.0
2294 65.0
2295 65.0
2296 65.0
2297 65.0
2298 65.0
2299 65.0
2300 65.0
2301 65.0
2302 65.0
2303 65.0
2304 65.0
2305 65.0
2306 65.0
2307 65.0
2308 65.0
2309 65.0
2310 65.0
2311 65.0
2312 65.0
2313 65.0
2314 65.0
2315 65.0
2316 65.0
2317 65.0
2318 65.0
2319 65.0
2320 65.0
2321 65.0
2322 65.0
2323 65.0
2324 65.0
2325 65.0
2326 65.0
2327 65.0
2328 65.0
2329 65.0
2330 65.0
2331 65.0
2332 65.0
2333 65.0
2334 65.0
2335 65.0
2336 65.0
2337 65.0
2338 65.0
2339 65.0
2340 65.0
2341 65.0
2342 65.0
2343 65.0
2344 65.0
2345 65.0
2346 65.0
2347 65.0
2348 65.0
2349 65.0
2350 65.0
2351 65.0
2352 65.0
2353 65.0
2354 65.0
2355 65.0
2356 65.0
2357 65.0
2358 65.0
2359 65.0
2360 65.0
2361 65.0
2362 65.0
2363 65.0
2364 65.0
2365 65.0
2366 65.0
2367 65.0
2368 65.0
2369 65.0
2370 65.0
2371 65.0
2372 65.0
2373 65.0
2374 65.0
2375 65.0
2376 65.0
2377 65.0
2378 65.0
2379 65.0
2380 65.0
2381 65.0
2382 65.0
2383 65.0
2384 65.0
2385 65.0
2386 65.0
2387 65.0
2388 65.0
2389 65.0
2390 65.0
2391 65.0
2392 65.0
2393 65.0
2394 65.0
2395 65.0
2396 65.0
2397 65.0
2398 65.0
2399 65.0
2400 65.0
2401 65.0
2402 65.0
2403 65.0
2404 65.0
2405 65.0
2406 65.0
2407 65.0
2408 65.0
2409 65.0
2410 65.0
2411 65.0
2412 65.0
2413 65.0
2414 65.0
2415 65.0
2416 65.0
2417 65.0
2418 65.0
2419 65.0
2420 65.0
2421 65.0
2422 65.0
2423 65.0
2424 65.0
2425 65.0
2426 65.0
2427 65.0
2428 65.0
2429 65.0
2430 65.0
2431 65.0
2432 65.0
2433 65.0
2434 65.0
2435 65.0
2436 65.0
2437 65.0
2438 65.0
2439 65.0
2440 65.0
2441 65.0
2442 65.0
2443 65.0
2444 65.0
2445 65.0
2446 65.0
2447 65.0
2448 65.0
2449 65.0
2450 65.0
2451 65.0
2452 65.0
2453 65.0
2454 65.0
2455 65.0
2456 65.0
2457 65.0
2458 65.0
2459 65.0
2460 65.0
2461 65.0
2462 65.0
2463 65.0
2464 65.0
2465 65.0
2466 65.0
2467 65.0
2468 65.0
2469 65.0
2470 65.0
2471 65.0
2472 65.0
2473 65.0
2474 65.0
2475 65.0
2476 65.0
2477 65.0
2478 65.0
2479 65.0
2480 65.0
2481 65.0
2482 65.0
2483 65.0
2484 65.0
2485 65.0
2486 65.0
2487 65.0
2488 65.0
2489 65.0
2490 65.0
2491 65.0
2492 65.0
2493 65.0
2494 65.0
2495 65.0
2496 65.0
2497 65.0
2498 65.0
2499 65.0
2500 65.0
2501 65.0
2502 65.0
2503 65.0
2504 65.0
2505 65.0
2506 65.0
2507 65.0
2508 65.0
2509 65.0
2510 65.0
2511 65.0
2512 65.0
2513 65.0
2514 65.0
2515 65.0
2516 65.0
2517 65.0
2518 65.0
2519 65.0
2520 65.0
2521 65.0
2522 65.0
2523 65.0
2524 65.0
2525 65.0
2526 65.0
2527 65.0
2528 65.0
2529 65.0
2530 65.0
2531 65.0
2532 65.0
2533 65.0
2534 65.0
2535 65.0
2536 65.0
2537 65.0
2538 65.0
2539 65.0
2540 65.0
2541 65.0
2542 65.0
2543 65.0
2544 65.0
2545 65.0
2546 65.0
2547 65.0
2548 65.0
2549 65.0
2550 65.0
2551 65.0
2552 65.0
2553 65.0
2554 65.0
2555 65.0
2556 65.0
2557 65.0
2558 65.0
2559 65.0
2560 65.0
2561 65.0
2562 65.0
2563 65.0
2564 65.0
2565 65.0
2566 65.0
2567 65.0
2568 65.0
2569 65.0
2570 65.0
2571 65.0
2572 65.0
2573 65.0
2574 65.0
2575 65.0
2576 65.0
2577 65.0
2578 65.0
2579 65.0
2580 65.0
2581 65.0
2582 65.0
2583 65.0
2584 65.0
2585 65.0
2586 65.0
2587 65.0
2588 65.0
2589 65.0
2590 65.0
2591 65.0
2592 65.0
2593 65.0
2594 65.0
2595 65.0
2596 65.0
2597 65.0
2598 65.0
2599 65.0
2600 65.0
2601 65.0
2602 65.0
2603 65.0
2604 65.0
2605 65.0
2606 65.0
2607 65.0
2608 65.0
2609 65.0
2610 65.0
2611 65.0
2612 65.0
2613 65.0
2614 65.0
2615 65.0
2616 65.0
2617 65.0
2618 65.0
2619 65.0
2620 65.0
2621 65.0
2622 65.0
2623 65.0
2624 65.0
2625 65.0
2626 65.0
2627 65.0
2628 65.0
2629 65.0
2630 65.0
2631 65.0
2632 65.0
2633 65.0
2634 65.0
2635 65.0
2636 65.0
2637 65.0
2638 65.0
2639 65.0
2640 65.0
2641 65.0
2642 65.0
2643 65.0
2644 65.0
2645 65.0
2646 65.0
2647 65.0
2648 65.0
2649 65.0
2650 65.0
2651 65.0
2652 65.0
2653 65.0
2654 65.0
2655 65.0
2656 65.0
2657 65.0
2658 65.0
2659 65.0
2660 65.0
2661 65.0
2662 65.0
2663 65.0
2664 65.0
2665 65.0
2666 65.0
2667 65.0
2668 65.0
2669 65.0
2670 65.0
2671 65.0
2672 65.0
2673 65.0
2674 65.0
2675 65.0
2676 65.0
2677 65.0
2678 65.0
2679 65.0
2680 65.0
2681 65.0
2682 65.0
2683 65.0
2684 65.0
2685 65.0
2686 65.0
2687 65.0
2688 65.0
2689 65.0
2690 65.0
2691 65.0
2692 65.0
2693 65.0
2694 65.0
2695 65.0
2696 65.0
2697 65.0
2698 65.0
2699 65.0
2700 65.0
2701 65.0
2702 65.0
2703 65.0
2704 65.0
2705 65.0
2706 65.0
2707 65.0
2708 65.0
2709 65.0
2710 65.0
2711 65.0
2712 65.0
2713 65.0
2714 65.0
2715 65.0
2716 65.0
2717 65.0
2718 65.0
2719 65.0
2720 65.0
2721 65.0
2722 65.0
2723 65.0
2724 65.0
2725 65.0
2726 65.0
2727 65.0
2728 65.0
2729 65.0
2730 65.0
2731 65.0
2732 65.0
2733 65.0
2734 65.0
2735 65.0
2736 65.0
2737 65.0
2738 65.0
2739 65.0
2740 65.0
2741 65.0
2742 65.0
2743 65.0
2744 65.0
2745 65.0
2746 65.0
2747 65.0
2748 65.0
2749 65.0
2750 65.0
2751 65.0
2752 65.0
2753 65.0
2754 65.0
2755 65.0
2756 65.0
2757 65.0
2758 65.0
2759 65.0
2760 65.0
2761 65.0
2762 65.0
2763 65.0
2764 65.0
2765 65.0
2766 65.0
2767 65.0
2768 65.0
2769 65.0
2770 65.0
2771 65.0
2772 65.0
2773 65.0
2774 65.0
2775 65.0
2776 65.0
2777 65.0
2778 65.0
2779 65.0
2780 65.0
2781 65.0
2782 65.0
2783 65.0
2784 65.0
2785 65.0
2786 65.0
2787 65.0
2788 65.0
2789 65.0
2790 65.0
2791 65.0
2792 65.0
2793 65.0
2794 65.0
2795 65.0
2796 65.0
2797 65.0
2798 65.0
2799 65.0
2800 65.0
2801 65.0
2802 65.0
2803 65.0
2804 65.0
2805 65.0
2806 65.0
2807 65.0
2808 65.0
2809 65.0
2810 65.0
2811 65.0
2812 65.0
2813 65.0
2814 65.0
2815 65.0
2816 65.0
2817 65.0
2818 65.0
2819 65.0
2820 65.0
2821 65.0
2822 65.0
2823 65.0
2824 65.0
2825 65.0
2826 65.0
2827 65.0
2828 65.0
2829 65.0
2830 65.0
2831 65.0
2832 65.0
2833 65.0
2834 65.0
2835 65.0
2836 65.0
2837 65.0
2838 65.0
2839 65.0
2840 65.0
2841 65.0
2842 65.0
2843 65.0
2844 65.0
2845 65.0
2846 65.0
2847 65.0
2848 65.0
2849 65.0
2850 65.0
2851 65.0
2852 65.0
2853 65.0
2854 65.0
2855 65.0
2856 65.0
2857 65.0
2858 65.0
2859 65.0
2860 65.0
2861 65.0
2862 65.0
2863 65.0
2864 65.0
2865 65.0
2866 65.0
2867 65.0
2868 65.0
2869 65.0
2870 65.0
2871 65.0
2872 65.0
2873 65.0
2874 65.0
2875 65.0
2876 65.0
2877 65.0
2878 65.0
2879 65.0
2880 65.0
2881 65.0
2882 65.0
2883 65.0
2884 65.0
2885 65.0
2886 65.0
2887 65.0
2888 65.0
2889 65.0
2890 65.0
2891 65.0
2892 65.0
2893 65.0
2894 65.0
2895 65.0
2896 65.0
2897 65.0
2898 65.0
2899 65.0
2900 65.0
2901 65.0
2902 65.0
2903 65.0
2904 65.0
2905 65.0
2906 65.0
2907 65.0
2908 65.0
2909 65.0
2910 65.0
2911 65.0
2912 65.0
2913 65.0
2914 65.0
2915 65.0
2916 65.0
2917 65.0
2918 65.0
2919 65.0
2920 65.0
2921 65.0
2922 65.0
2923 65.0
2924 65.0
2925 65.0
2926 65.0
2927 65.0
2928 65.0
2929 65.0
2930 65.0
2931 65.0
2932 65.0
2933 65.0
2934 65.0
2935 65.0
2936 65.0
2937 65.0
2938 65.0
2939 65.0
2940 65.0
2941 65.0
2942 65.0
2943 65.0
2944 65.0
2945 65.0
2946 65.0
2947 65.0
2948 65.0
2949 65.0
2950 65.0
2951 65.0
2952 65.0
2953 65.0
2954 65.0
2955 65.0
2956 65.0
2957 65.0
2958 65.0
2959 65.0
2960 65.0
2961 65.0
2962 65.0
2963 65.0
2964 65.0
2965 65.0
2966 65.0
2967 65.0
2968 65.0
2969 65.0
2970 65.0
2971 65.0
2972 65.0
2973 65.0
2974 65.0
2975 65.0
2976 65.0
2977 65.0
2978 65.0
2979 65.0
2980 65.0
2981 65.0
2982 65.0
2983 65.0
2984 65.0
2985 65.0
2986 65.0
2987 65.0
2988 65.0
2989 65.0
2990 65.0
2991 65.0
2992 65.0
2993 65.0
2994 65.0
2995 65.0
2996 65.0
2997 65.0
2998 65.0
2999 65.0
3000 65.0
3001 65.0
3002 65.0
3003 65.0
3004 65.0
3005 65.0
3006 65.0
3007 65.0
3008 65.0
3009 65.0
3010 65.0
3011 65.0
3012 65.0
3013 65.0
3014 65.0
3015 65.0
3016 65.0
3017 65.0
3018 65.0
3019 65.0
3020 65.0
3021 65.0
3022 65.0
3023 65.0
3024 65.0
3025 65.0
3026 65.0
3027 65.0
3028 65.0
3029 65.0
3030 65.0
3031 65.0
3032 65.0
3033 65.0
3034 65.0
3035 65.0
3036 65.0
3037 65.0
3038 65.0
3039 65.0
3040 65.0
3041 65.0
3042 65.0
3043 65.0
3044 65.0
3045 65.0
3046 65.0
3047 65.0
3048 65.0
3049 65.0
3050 65.0
3051 65.0
3052 65.0
3053 65.0
3054 65.0
3055 65.0
3056 65.0
3057 65.0
3058 65.0
3059 65.0
3060 65.0
3061 65.0
3062 65.0
3063 65.0
3064 65.0
3065 65.0
3066 65.0
3067 65.0
3068 65.0
3069 65.0
3070 65.0
3071 65.0
3072 65.0
3073 65.0
3074 65.0
3075 65.0
3076 65.0
3077 65.0
3078 65.0
3079 65.0
3080 65.0
3081 65.0
3082 65.0
3083 65.0
3084 65.0
3085 65.0
3086 65.0
3087 65.0
3088 65.0
3089 65.0
3090 65.0
3091 65.0
3092 65.0
3093 65.0
3094 65.0
3095 65.0
3096 65.0
3097 65.0
3098 65.0
3099 65.0
3100 65.0
3101 65.0
3102 65.0
3103 65.0
3104 65.0
3105 65.0
3106 65.0
3107 65.0
3108 65.0
3109 65.0
3110 65.0
3111 65.0
3112 65.0
3113 65.0
3114 65.0
3115 65.0
3116 65.0
3117 65.0
3118 65.0
3119 65.0
3120 65.0
3121 65.0
3122 65.0
3123 65.0
3124 65.0
3125 65.0
3126 65.0
3127 65.0
3128 65.0
3129 65.0
3130 65.0
3131 65.0
3132 65.0
3133 65.0
3134 65.0
3135 65.0
3136 65.0
3137 65.0
3138 65.0
3139 65.0
3140 65.0
3141 65.0
3142 65.0
3143 65.0
3144 65.0
3145 65.0
3146 65.0
3147 65.0
3148 65.0
3149 65.0
3150 65.0
3151 65.0
3152 65.0
3153 65.0
3154 65.0
3155 65.0
3156 65.0
3157 65.0
3158 65.0
3159 65.0
3160 65.0
3161 65.0
3162 65.0
3163 65.0
3164 65.0
3165 65.0
3166 65.0
3167 65.0
3168 65.0
3169 65.0
3170 65.0
3171 65.0
3172 65.0
3173 65.0
3174 65.0
3175 65.0
3176 65.0
3177 65.0
3178 65.0
3179 65.0
3180 65.0
3181 65.0
3182 65.0
3183 65.0
3184 65.0
3185 65.0
3186 65.0
3187 65.0
3188 65.0
3189 65.0
3190 65.0
3191 65.0
3192 65.0
3193 65.0
3194 65.0
3195 65.0
3196 65.0
3197 65.0
3198 65.0
3199 65.0
3200 65.0
3201 65.0
3202 65.0
3203 65.0
3204 65.0
3205 65.0
3206 65.0
3207 65.0
3208 65.0
3209 65.0
3210 65.0
3211 65.0
3212 65.0
3213 65.0
3214 65.0
3215 65.0
3216 65.0
3217 65.0
3218 65.0
3219 65.0
3220 65.0
3221 65.0
3222 65.0
3223 65.0
3224 65.0
3225 65.0
3226 65.0
3227 65.0
3228 65.0
3229 65.0
3230 65.0
3231 65.0
3232 65.0
3233 65.0
3234 65.0
3235 65.0
3236 65.0
3237 65.0
3238 65.0
3239 65.0
3240 65.0
3241 65.0
3242 65.0
3243 65.0
3244 65.0
3245 65.0
3246 65.0
3247 65.0
3248 65.0
3249 65.0
3250 65.0
3251 65.0
3252 65.0
3253 65.0
3254 65.0
3255 65.0
3256 65.0
3257 65.0
3258 65.0
3259 65.0
3260 65.0
3261 65.0
3262 65.0
3263 65.0
3264 65.0
3265 65.0
3266 65.0
3267 65.0
3268 65.0
3269 65.0
3270 65.0
3271 65.0
3272 65.0
3273 65.0
3274 65.0
3275 65.0
3276 65.0
3277 65.0
3278 65.0
3279 65.0
3280 65.0
3281 65.0
3282 65.0
3283 65.0
3284 65.0
3285 65.0
3286 65.0
3287 65.0
3288 65.0
3289 65.0
3290 65.0
3291 65.0
3292 65.0
3293 65.0
3294 65.0
3295 65.0
3296 65.0
3297 65.0
3298 65.0
3299 65.0
3300 65.0
3301 65.0
3302 65.0
3303 65.0
3304 65.0
3305 65.0
3306 65.0
3307 65.0
3308 65.0
3309 65.0
3310 65.0
3311 65.0
3312 65.0
3313 65.0
3314 65.0
3315 65.0
3316 65.0
3317 65.0
3318 65.0
3319 65.0
3320 65.0
3321 65.0
3322 65.0
3323 65.0
3324 65.0
3325 65.0
3326 65.0
3327 65.0
3328 65.0
3329 65.0
3330 65.0
3331 65.0
3332 65.0
3333 65.0
3334 65.0
3335 65.0
3336 65.0
3337 65.0
3338 65.0
3339 65.0
3340 65.0
3341 65.0
3342 65.0
3343 65.0
3344 65.0
3345 65.0
3346 65.0
3347 65.0
3348 65.0
3349 65.0
3350 65.0
3351 65.0
3352 65.0
3353 65.0
3354 65.0
3355 65.0
3356 65.0
3357 65.0
3358 65.0
3359 65.0
3360 65.0
3361 65.0
3362 65.0
3363 65.0
3364 65.0
3365 65.0
3366 65.0
3367 65.0
3368 65.0
3369 65.0
3370 65.0
3371 65.0
3372 65.0
3373 65.0
3374 65.0
3375 65.0
3376 65.0
3377 65.0
3378 65.0
3379 65.0
3380 65.0
3381 65.0
3382 65.0
3383 65.0
3384 65.0
3385 65.0
3386 65.0
3387 65.0
3388 65.0
3389 65.0
3390 65.0
3391 65.0
3392 65.0
3393 65.0
3394 65.0
3395 65.0
3396 65.0
3397 65.0
3398 65.0
3399 65.0
3400 65.0
3401 65.0
3402 65.0
3403 65.0
3404 65.0
3405 65.0
3406 65.0
3407 65.0
3408 65.0
3409 65.0
3410 65.0
3411 65.0
3412 65.0
3413 65.0
3414 65.0
3415 65.0
3416 65.0
3417 65.0
3418 65.0
3419 65.0
3420 65.0
3421 65.0
3422 65.0
3423 65.0
3424 65.0
3425 65.0
3426 65.0
3427 65.0
3428 65.0
3429 65.0
3430 65.0
3431 65.0
3432 65.0
3433 65.0
3434 65.0
3435 65.0
3436 65.0
3437 65.0
3438 65.0
3439 65.0
3440 65.0
3441 65.0
3442 65.0
3443 65.0
3444 65.0
3445 65.0
3446 65.0
3447 65.0
3448 65.0
3449 65.0
3450 65.0
3451 65.0
3452 65.0
3453 65.0
3454 65.0
3455 65.0
3456 65.0
3457 65.0
3458 65.0
3459 65.0
3460 65.0
3461 65.0
3462 65.0
3463 65.0
3464 65.0
3465 65.0
3466 65.0
3467 65.0
3468 65.0
3469 65.0
3470 65.0
3471 65.0
3472 65.0
3473 65.0
3474 65.0
3475 65.0
3476 65.0
3477 65.0
3478 65.0
3479 65.0
3480 65.0
3481 65.0
3482 65.0
3483 65.0
3484 65.0
3485 65.0
3486 65.0
3487 65.0
3488 65.0
3489 65.0
3490 65.0
3491 65.0
3492 65.0
3493 65.0
3494 65.0
3495 65.0
3496 65.0
3497 65.0
3498 65.0
3499 65.0
3500 65.0
3501 65.0
3502 65.0
3503 65.0
3504 65.0
3505 65.0
3506 65.0
3507 65.0
3508 65.0
3509 65.0
3510 65.0
3511 65.0
3512 65.0
3513 65.0
3514 65.0
3515 65.0
3516 65.0
3517 65.0
3518 65.0
3519 65.0
3520 65.0
3521 65.0
3522 65.0
3523 65.0
3524 65.0
3525 65.0
3526 65.0
3527 65.0
3528 65.0
3529 65.0
3530 65.0
3531 65.0
3532 65.0
3533 65.0
3534 65.0
3535 65.0
3536 65.0
3537 65.0
3538 65.0
3539 65.0
3540 65.0
3541 65.0
3542 65.0
3543 65.0
3544 65.0
3545 65.0
3546 65.0
3547 65.0
3548 65.0
3549 65.0
3550 65.0
3551 65.0
3552 65.0
3553 65.0
3554 65.0
3555 65.0
3556 65.0
3557 65.0
3558 65.0
3559 65.0
3560 65.0
3561 65.0
3562 65.0
3563 65.0
3564 65.0
3565 65.0
3566 65.0
3567 65.0
3568 65.0
3569 65.0
3570 65.0
3571 65.0
3572 65.0
3573 65.0
3574 65.0
3575 65.0
3576 65.0
3577 65.0
3578 65.0
3579 65.0
3580 65.0
3581 65.0
3582 65.0
3583 65.0
3584 65.0
3585 65.0
3586 65.0
3587 65.0
3588 65.0
3589 65.0
3590 65.0
3591 65.0
3592 65.0
3593 65.0
3594 65.0
3595 65.0
3596 65.0
3597 65.0
3598 65.0
3599 65.0
3600 65.0
3601 65.0
3602 65.0
3603 65.0
3604 65.0
3605 65.0
3606 65.0
3607 65.0
3608 65.0
3609 65.0
3610 65.0
3611 65.0
3612 65.0
3613 65.0
3614 65.0
3615 65.0
3616 65.0
3617 65.0
3618 65.0
3619 65.0
3620 65.0
3621 65.0
3622 65.0
3623 65.0
3624 65.0
3625 65.0
3626 65.0
3627 65.0
3628 65.0
3629 65.0
3630 65.0
3631 65.0
3632 65.0
3633 65.0
3634 65.0
3635 65.0
3636 65.0
3637 65.0
3638 65.0
3639 65.0
3640 65.0
3641 65.0
3642 65.0
3643 65.0
3644 65.0
3645 65.0
3646 65.0
3647 65.0
3648 65.0
3649 65.0
3650 65.0
3651 65.0
3652 65.0
3653 65.0
3654 65.0
3655 65.0
3656 65.0
3657 65.0
3658 65.0
3659 65.0
3660 65.0
3661 65.0
3662 65.0
3663 65.0
3664 65.0
3665 65.0
3666 65.0
3667 65.0
3668 65.0
3669 65.0
3670 65.0
3671 65.0
3672 65.0
3673 65.0
3674 65.0
3675 65.0
3676 65.0
3677 65.0
3678 65.0
3679 65.0
3680 65.0
3681 65.0
3682 65.0
3683 65.0
3684 65.0
3685 65.0
3686 65.0
3687 65.0
3688 65.0
3689 65.0
3690 65.0
3691 65.0
3692 65.0
3693 65.0
3694 65.0
3695 65.0
3696 65.0
3697 65.0
3698 65.0
3699 65.0
3700 65.0
3701 65.0
3702 65.0
3703 65.0
3704 65.0
3705 65.0
3706 65.0
3707 65.0
3708 65.0
3709 65.0
3710 65.0
3711 65.0
3712 65.0
3713 65.0
3714 65.0
3715 65.0
3716 65.0
3717 65.0
3718 65.0
3719 65.0
3720 65.0
3721 65.0
3722 65.0
3723 65.0
3724 65.0
3725 65.0
3726 65.0
3727 65.0
3728 65.0
3729 65.0
3730 65.0
3731 65.0
3732 65.0
3733 65.0
3734 65.0
3735 65.0
3736 65.0
3737 65.0
3738 65.0
3739 65.0
3740 65.0
3741 65.0
3742 65.0
3743 65.0
3744 65.0
3745 65.0
3746 65.0
3747 65.0
3748 65.0
3749 65.0
3750 65.0
3751 65.0
3752 65.0
3753 65.0
3754 65.0
3755 65.0
3756 65.0
3757 65.0
3758 65.0
3759 65.0
3760 65.0
3761 65.0
3762 65.0
3763 65.0
3764 65.0
3765 65.0
3766 65.0
3767 65.0
3768 65.0
3769 65.0
3770 65.0
3771 65.0
3772 65.0
3773 65.0
3774 65.0
3775 65.0
3776 65.0
3777 65.0
3778 65.0
3779 65.0
3780 65.0
3781 65.0
3782 65.0
3783 65.0
3784 65.0
3785 65.0
3786 65.0
3787 65.0
3788 65.0
3789 65.0
3790 65.0
3791 65.0
3792 65.0
3793 65.0
3794 65.0
3795 65.0
3796 65.0
3797 65.0
3798 65.0
3799 65.0
3800 65.0
3801 65.0
3802 65.0
3803 65.0
3804 65.0
3805 65.0
3806 65.0
3807 65.0
3808 65.0
3809 65.0
3810 65.0
3811 65.0
3812 65.0
3813 65.0
3814 65.0
3815 65.0
3816 65.0
3817 65.0
3818 65.0
3819 65.0
3820 65.0
3821 65.0
3822 65.0
3823 65.0
3824 65.0
3825 65.0
3826 65.0
3827 65.0
3828 65.0
3829 65.0
3830 65.0
3831 65.0
3832 65.0
3833 65.0
3834 65.0
3835 65.0
3836 65.0
3837 65.0
3838 65.0
3839 65.0
3840 65.0
3841 65.0
3842 65.0
3843 65.0
3844 65.0
3845 65.0
3846 65.0
3847 65.0
3848 65.0
3849 65.0
3850 65.0
3851 65.0
3852 65.0
3853 65.0
3854 65.0
3855 65.0
3856 65.0
3857 65.0
3858 65.0
3859 65.0
3860 65.0
3861 65.0
3862 65.0
3863 65.0
3864 65.0
3865 65.0
3866 65.0
3867 65.0
3868 65.0
3869 65.0
3870 65.0
3871 65.0
3872 65.0
3873 65.0
3874 65.0
3875 65.0
3876 65.0
3877 65.0
3878 65.0
3879 65.0
3880 65.0
3881 65.0
3882 65.0
3883 65.0
3884 65.0
3885 65.0
3886 65.0
3887 65.0
3888 65.0
3889 65.0
3890 65.0
3891 65.0
3892 65.0
3893 65.0
3894 65.0
3895 65.0
3896 65.0
3897 65.0
3898 65.0
3899 65.0
3900 65.0
3901 65.0
3902 65.0
3903 65.0
3904 65.0
3905 65.0
3906 65.0
3907 65.0
3908 65.0
3909 65.0
3910 65.0
3911 65.0
3912 65.0
3913 65.0
3914 65.0
3915 65.0
3916 65.0
3917 65.0
3918 65.0
3919 65.0
3920 65.0
3921 65.0
3922 65.0
3923 65.0
3924 65.0
3925 65.0
3926 65.0
3927 65.0
3928 65.0
3929 65.0
3930 65.0
3931 65.0
3932 65.0
3933 65.0
3934 65.0
3935 65.0
3936 65.0
3937 65.0
3938 65.0
3939 65.0
3940 65.0
3941 65.0
3942 65.0
3943 65.0
3944 65.0
3945 65.0
3946 65.0
3947 65.0
3948 65.0
3949 65.0
3950 65.0
3951 65.0
3952 65.0
3953 65.0
3954 65.0
3955 65.0
3956 65.0
3957 65.0
3958 65.0
3959 65.0
3960 65.0
3961 65.0
3962 65.0
3963 65.0
3964 65.0
3965 65.0
3966 65.0
3967 65.0
3968 65.0
3969 65.0
3970 65.0
3971 65.0
3972 65.0
3973 65.0
3974 65.0
3975 65.0
3976 65.0
3977 65.0
3978 65.0
3979 65.0
3980 65.0
3981 65.0
3982 65.0
3983 65.0
3984 65.0
3985 65.0
3986 65.0
3987 65.0
3988 65.0
3989 65.0
3990 65.0
3991 65.0
3992 65.0
3993 65.0
3994 65.0
3995 65.0
3996 65.0
3997 65.0
3998 65.0
3999 65.0
4000 65.0
4001 65.0
4002 65.0
4003 65.0
4004 65.0
4005 65.0
4006 65.0
4007 65.0
4008 65.0
4009 65.0
4010 65.0
4011 65.0
4012 65.0
4013 65.0
4014 65.0
4015 65.0
4016 65.0
4017 65.0
4018 65.0
4019 65.0
4020 65.0
4021 65.0
4022 65.0
4023 65.0
4024 65.0
4025 65.0
4026 65.0
4027 65.0
4028 65.0
4029 65.0
4030 65.0
4031 65.0
4032 65.0
4033 65.0
4034 65.0
4035 65.0
4036 65.0
4037 65.0
4038 65.0
4039 65.0
4040 65.0
4041 65.0
4042 65.0
4043 65.0
4044 65.0
4045 65.0
4046 65.0
4047 65.0
4048 65.0
4049 65.0
4050 65.0
4051 65.0
4052 65.0
4053 65.0
4054 65.0
4055 65.0
4056 65.0
4057 65.0
4058 65.0
4059 65.0
4060 65.0
4061 65.0
4062 65.0
4063 65.0
4064 65.0
4065 65.0
4066 65.0
4067 65.0
4068 65.0
4069 65.0
4070 65.0
4071 65.0
4072 65.0
4073 65.0
4074 65.0
4075 65.0
4076 65.0
4077 65.0
4078 65.0
4079 65.0
4080 65.0
4081 65.0
4082 65.0
4083 65.0
4084 65.0
4085 65.0
4086 65.0
4087 65.0
4088 65.0
4089 65.0
4090 65.0
4091 65.0
4092 65.0
4093 65.0
4094 65.0
4095 65.0
4096 65.0
4097 65.0
4098 65.0
4099 65.0
4100 65.0
4101 65.0
4102 65.0
4103 65.0
4104 65.0
4105 65.0
4106 65.0
4107 65.0
4108 65.0
4109 65.0
4110 65.0
4111 65.0
4112 65.0
4113 65.0
4114 65.0
4115 65.0
4116 65.0
4117 65.0
4118 65.0
4119 65.0
4120 65.0
4121 65.0
4122 65.0
4123 65.0
4124 65.0
4125 65.0
4126 65.0
4127 65.0
4128 65.0
4129 65.0
4130 65.0
4131 65.0
4132 65.0
4133 65.0
4134 65.0
4135 82.0
4136 82.0
4137 82.0
4138 82.0
4139 82.0
4140 82.0
4141 82.0
4142 82.0
4143 82.0
4144 82.0
4145 82.0
4146 82.0
4147 82.0
4148 82.0
4149 82.0
4150 82.0
4151 82.0
4152 82.0
4153 82.0
4154 82.0
4155 82.0
4156 82.0
4157 82.0
4158 82.0
4159 82.0
4160 82.0
4161 82.0
4162 82.0
4163 82.0
4164 82.0
4165 82.0
4166 82.0
4167 82.0
4168 82.0
4169 82.0
4170 82.0
4171 82.0
4172 82.0
4173 82.0
4174 82.0
4175 82.0
4176 82.0
4177 82.0
4178 82.0
4179 82.0
4180 82.0
4181 82.0
4182 82.0
4183 82.0
4184 82.0
4185 82.0
4186 82.0
4187 82.0
4188 82.0
4189 82.0
4190 82.0
4191 82.0
4192 82.0
4193 82.0
4194 82.0
4195 82.0
4196 82.0
4197 82.0
4198 82.0
4199 82.0
4200 82.0
4201 82.0
4202 82.0
4203 82.0
4204 82.0
4205 82.0
4206 82.0
4207 82.0
4208 82.0
4209 82.0
4210 82.0
4211 82.0
4212 82.0
4213 82.0
4214 82.0
4215 82.0
4216 82.0
4217 82.0
4218 82.0
4219 82.0
4220 82.0
4221 82.0
4222 82.0
4223 82.0
4224 82.0
4225 82.0
4226 82.0
4227 82.0
4228 82.0
4229 82.0
4230 82.0
4231 82.0
4232 82.0
4233 82.0
4234 82.0
4235 82.0
4236 82.0
4237 82.0
4238 82.0
4239 82.0
4240 82.0
4241 82.0
4242 82.0
4243 82.0
4244 82.0
4245 82.0
4246 82.0
4247 82.0
4248 82.0
4249 82.0
4250 82.0
4251 82.0
4252 82.0
4253 82.0
4254 82.0
4255 82.0
4256 82.0
4257 82.0
4258 82.0
4259 82.0
4260 82.0
4261 82.0
4262 82.0
4263 82.0
4264 82.0
4265 82.0
4266 82.0
4267 82.0
4268 82.0
4269 82.0
4270 82.0
4271 82.0
4272 82.0
4273 82.0
4274 82.0
4275 82.0
4276 82.0
4277 82.0
4278 82.0
4279 82.0
4280 82.0
4281 82.0
4282 82.0
4283 82.0
4284 82.0
4285 82.0
4286 82.0
4287 82.0
4288 82.0
4289 82.0
4290 82.0
4291 82.0
4292 82.0
4293 82.0
4294 82.0
4295 82.0
4296 82.0
4297 82.0
4298 82.0
4299 82.0
4300 82.0
4301 82.0
4302 82.0
4303 82.0
4304 82.0
4305 82.0
4306 82.0
4307 82.0
4308 82.0
4309 82.0
4310 82.0
4311 82.0
4312 82.0
4313 82.0
4314 82.0
4315 82.0
4316 82.0
4317 82.0
4318 82.0
4319 82.0
4320 82.0
4321 82.0
4322 82.0
4323 82.0
4324 82.0
4325 82.0
4326 82.0
4327 82.0
4328 82.0
4329 82.0
4330 82.0
4331 82.0
4332 82.0
4333 82.0
4334 82.0
4335 82.0
4336 82.0
4337 82.0
4338 82.0
4339 82.0
4340 82.0
4341 82.0
4342 82.0
4343 82.0
4344 82.0
4345 82.0
4346 82.0
4347 82.0
4348 82.0
4349 82.0
4350 82.0
4351 82.0
4352 82.0
4353 82.0
4354 82.0
4355 82.0
4356 82.0
4357 82.0
4358 82.0
4359 82.0
4360 82.0
4361 82.0
4362 82.0
4363 82.0
4364 82.0
4365 82.0
4366 82.0
4367 82.0
4368 82.0
4369 82.0
4370 82.0
4371 82.0
4372 82.0
4373 82.0
4374 82.0
4375 82.0
4376 82.0
4377 82.0
4378 82.0
4379 82.0
4380 82.0
4381 82.0
4382 82.0
4383 82.0
4384 82.0
4385 82.0
4386 82.0
4387 82.0
4388 82.0
4389 82.0
4390 82.0
4391 82.0
4392 82.0
4393 82.0
4394 82.0
4395 82.0
4396 82.0
4397 82.0
4398 82.0
4399 82.0
4400 82.0
4401 82.0
4402 82.0
4403 82.0
4404 82.0
4405 82.0
4406 82.0
4407 82.0
4408 82.0
4409 82.0
4410 82.0
4411 82.0
4412 82.0
4413 82.0
4414 82.0
4415 82.0
4416 82.0
4417 82.0
4418 82.0
4419 82.0
4420 82.0
4421 82.0
4422 82.0
4423 82.0
4424 82.0
4425 82.0
4426 82.0
4427 82.0
4428 82.0
4429 82.0
4430 82.0
4431 82.0
4432 82.0
4433 82.0
4434 82.0
4435 82.0
4436 82.0
4437 82.0
4438 82.0
4439 82.0
4440 82.0
4441 82.0
4442 82.0
4443 82.0
4444 82.0
4445 82.0
4446 82.0
4447 82.0
4448 82.0
4449 82.0
4450 82.0
4451 82.0
4452 82.0
4453 82.0
4454 82.0
4455 82.0
4456 82.0
4457 82.0
4458 82.0
4459 82.0
4460 82.0
4461 82.0
4462 82.0
4463 82.0
4464 82.0
4465 82.0
4466 82.0
4467 82.0
4468 82.0
4469 82.0
4470 82.0
4471 82.0
4472 82.0
4473 82.0
4474 82.0
4475 82.0
4476 82.0
4477 82.0
4478 82.0
4479 82.0
4480 82.0
4481 82.0
4482 82.0
4483 82.0
4484 82.0
4485 82.0
4486 82.0
4487 82.0
4488 82.0
4489 82.0
4490 82.0
4491 82.0
4492 82.0
4493 82.0
4494 82.0
4495 82.0
4496 82.0
4497 82.0
4498 82.0
4499 82.0
4500 82.0
4501 82.0
4502 82.0
4503 82.0
4504 82.0
4505 82.0
4506 82.0
4507 82.0
4508 82.0
4509 82.0
4510 82.0
4511 82.0
4512 82.0
4513 82.0
4514 82.0
4515 82.0
4516 82.0
4517 82.0
4518 82.0
4519 82.0
4520 82.0
4521 82.0
4522 82.0
4523 82.0
4524 82.0
4525 82.0
4526 82.0
4527 82.0
4528 82.0
4529 82.0
4530 82.0
4531 82.0
4532 82.0
4533 82.0
4534 82.0
4535 82.0
4536 82.0
4537 82.0
4538 82.0
4539 82.0
4540 82.0
4541 82.0
4542 82.0
4543 82.0
4544 82.0
4545 82.0
4546 82.0
4547 82.0
4548 82.0
4549 82.0
4550 82.0
4551 82.0
4552 82.0
4553 82.0
4554 82.0
4555 82.0
4556 82.0
4557 82.0
4558 82.0
4559 82.0
4560 82.0
4561 82.0
4562 82.0
4563 82.0
4564 82.0
4565 82.0
4566 82.0
4567 82.0
4568 82.0
4569 82.0
4570 82.0
4571 82.0
4572 82.0
4573 82.0
4574 82.0
4575 82.0
4576 82.0
4577 82.0
4578 82.0
4579 82.0
4580 82.0
4581 82.0
4582 82.0
4583 82.0
4584 82.0
4585 82.0
4586 82.0
4587 82.0
4588 82.0
4589 82.0
4590 82.0
4591 82.0
4592 82.0
4593 82.0
4594 82.0
4595 82.0
4596 82.0
4597 82.0
4598 82.0
4599 82.0
4600 82.0
4601 82.0
4602 82.0
4603 82.0
4604 82.0
4605 82.0
4606 82.0
4607 82.0
4608 82.0
4609 82.0
4610 82.0
4611 82.0
4612 82.0
4613 82.0
4614 82.0
4615 82.0
4616 82.0
4617 82.0
4618 82.0
4619 82.0
4620 82.0
4621 82.0
4622 82.0
4623 82.0
4624 82.0
4625 82.0
4626 82.0
4627 82.0
4628 82.0
4629 82.0
4630 82.0
4631 82.0
4632 82.0
4633 82.0
4634 82.0
4635 82.0
4636 82.0
4637 82.0
4638 82.0
4639 82.0
4640 82.0
4641 82.0
4642 82.0
4643 82.0
4644 82.0
4645 82.0
4646 82.0
4647 82.0
4648 82.0
4649 82.0
4650 82.0
4651 82.0
4652 82.0
4653 82.0
4654 82.0
4655 82.0
4656 82.0
4657 82.0
4658 82.0
4659 82.0
4660 82.0
4661 82.0
4662 82.0
4663 82.0
4664 82.0
4665 82.0
4666 82.0
4667 82.0
4668 82.0
4669 82.0
4670 82.0
4671 82.0
4672 82.0
4673 82.0
4674 82.0
4675 82.0
4676 82.0
4677 82.0
4678 82.0
4679 82.0
4680 82.0
4681 82.0
4682 82.0
4683 82.0
4684 82.0
4685 82.0
4686 82.0
4687 82.0
4688 82.0
4689 82.0
4690 82.0
4691 82.0
4692 82.0
4693 82.0
4694 82.0
4695 82.0
4696 82.0
4697 82.0
4698 82.0
4699 82.0
4700 82.0
4701 82.0
4702 82.0
4703 82.0
4704 82.0
4705 82.0
4706 82.0
4707 82.0
4708 82.0
4709 82.0
4710 82.0
4711 82.0
4712 82.0
4713 82.0
4714 82.0
4715 82.0
4716 82.0
4717 82.0
4718 82.0
4719 82.0
4720 82.0
4721 82.0
4722 82.0
4723 82.0
4724 82.0
4725 82.0
4726 82.0
4727 82.0
4728 82.0
4729 82.0
4730 82.0
4731 82.0
4732 82.0
4733 82.0
4734 82.0
4735 82.0
4736 82.0
4737 82.0
4738 82.0
4739 82.0
4740 82.0
4741 82.0
4742 82.0
4743 82.0
4744 82.0
4745 82.0
4746 82.0
4747 82.0
4748 82.0
4749 82.0
4750 82.0
4751 82.0
4752 82.0
4753 82.0
4754 82.0
4755 82.0
4756 82.0
4757 82.0
4758 82.0
4759 82.0
4760 82.0
4761 82.0
4762 82.0
4763 82.0
4764 82.0
4765 82.0
4766 82.0
4767 82.0
4768 82.0
4769 82.0
4770 82.0
4771 82.0
4772 82.0
4773 82.0
4774 82.0
4775 82.0
4776 82.0
4777 82.0
4778 82.0
4779 82.0
4780 82.0
4781 82.0
4782 82.0
4783 82.0
4784 82.0
4785 82.0
4786 82.0
4787 82.0
4788 82.0
4789 82.0
4790 82.0
4791 82.0
4792 82.0
4793 82.0
4794 82.0
4795 82.0
4796 82.0
4797 82.0
4798 82.0
4799 82.0
4800 82.0
4801 82.0
4802 82.0
4803 82.0
4804 82.0
4805 82.0
4806 82.0
4807 82.0
4808 82.0
4809 82.0
4810 82.0
4811 82.0
4812 82.0
4813 82.0
4814 82.0
4815 82.0
4816 82.0
4817 82.0
4818 82.0
4819 82.0
4820 82.0
4821 82.0
4822 82.0
4823 82.0
4824 82.0
4825 82.0
4826 82.0
4827 82.0
4828 82.0
4829 82.0
4830 82.0
4831 82.0
4832 82.0
4833 82.0
4834 82.0
4835 82.0
4836 82.0
4837 82.0
4838 82.0
4839 82.0
4840 82.0
4841 82.0
4842 82.0
4843 82.0
4844 82.0
4845 82.0
4846 82.0
4847 82.0
4848 82.0
4849 82.0
4850 82.0
4851 82.0
4852 82.0
4853 82.0
4854 82.0
4855 82.0
4856 82.0
4857 82.0
4858 82.0
4859 82.0
4860 82.0
4861 82.0
4862 82.0
4863 82.0
4864 82.0
4865 82.0
4866 82.0
4867 82.0
4868 82.0
4869 82.0
4870 82.0
4871 82.0
4872 82.0
4873 82.0
4874 82.0
4875 82.0
4876 82.0
4877 82.0
4878 82.0
4879 82.0
4880 82.0
4881 82.0
4882 82.0
4883 82.0
4884 82.0
4885 82.0
4886 82.0
4887 82.0
4888 82.0
4889 82.0
4890 82.0
4891 82.0
4892 82.0
4893 82.0
4894 82.0
4895 82.0
4896 82.0
4897 82.0
4898 82.0
4899 82.0
4900 82.0
4901 82.0
4902 82.0
4903 82.0
4904 82.0
4905 82.0
4906 82.0
4907 82.0
4908 82.0
4909 82.0
4910 82.0
4911 82.0
4912 82.0
4913 82.0
4914 82.0
4915 82.0
4916 82.0
4917 82.0
4918 82.0
4919 82.0
4920 82.0
4921 82.0
4922 82.0
4923 82.0
4924 82.0
4925 82.0
4926 82.0
4927 82.0
4928 82.0
4929 82.0
4930 82.0
4931 82.0
4932 82.0
4933 82.0
4934 82.0
4935 82.0
4936 82.0
4937 82.0
4938 82.0
4939 82.0
4940 82.0
4941 82.0
4942 82.0
4943 82.0
4944 82.0
4945 82.0
4946 82.0
4947 82.0
4948 82.0
4949 82.0
4950 82.0
4951 82.0
4952 82.0
4953 82.0
4954 82.0
4955 82.0
4956 82.0
4957 82.0
4958 82.0
4959 82.0
4960 82.0
4961 82.0
4962 82.0
4963 82.0
4964 82.0
4965 82.0
4966 82.0
4967 82.0
4968 82.0
4969 82.0
4970 82.0
4971 82.0
4972 82.0
4973 82.0
4974 82.0
4975 82.0
4976 82.0
4977 82.0
4978 82.0
4979 82.0
4980 82.0
4981 82.0
4982 82.0
4983 82.0
4984 82.0
4985 82.0
4986 82.0
4987 82.0
4988 82.0
4989 82.0
4990 82.0
4991 82.0
4992 82.0
4993 82.0
4994 82.0
4995 82.0
4996 82.0
4997 82.0
4998 82.0
4999 82.0
5000 82.0
5001 82.0
5002 82.0
5003 82.0
5004 82.0
5005 82.0
5006 82.0
5007 82.0
5008 82.0
5009 82.0
5010 82.0
5011 82.0
5012 82.0
5013 82.0
5014 82.0
5015 82.0
5016 82.0
5017 82.0
5018 82.0
5019 82.0
5020 82.0
5021 82.0
5022 82.0
5023 82.0
5024 82.0
5025 82.0
5026 82.0
5027 82.0
5028 82.0
5029 82.0
5030 82.0
5031 82.0
5032 82.0
5033 82.0
5034 82.0
5035 82.0
5036 82.0
5037 82.0
5038 82.0
5039 82.0
5040 82.0
5041 82.0
5042 82.0
5043 82.0
5044 82.0
5045 82.0
5046 82.0
5047 82.0
5048 82.0
5049 82.0
5050 82.0
5051 82.0
5052 82.0
5053 82.0
5054 82.0
5055 82.0
5056 82.0
5057 82.0
5058 82.0
5059 82.0
5060 82.0
5061 82.0
5062 82.0
5063 82.0
5064 82.0
5065 82.0
5066 82.0
5067 82.0
5068 82.0
5069 82.0
5070 82.0
5071 82.0
5072 82.0
5073 82.0
5074 82.0
5075 82.0
5076 82.0
5077 82.0
5078 82.0
5079 82.0
5080 82.0
5081 82.0
5082 82.0
5083 82.0
5084 82.0
5085 82.0
5086 82.0
5087 82.0
5088 82.0
5089 82.0
5090 82.0
5091 82.0
5092 82.0
5093 82.0
5094 82.0
5095 82.0
5096 82.0
5097 82.0
5098 82.0
5099 82.0
5100 82.0
5101 82.0
5102 82.0
5103 82.0
5104 82.0
5105 82.0
5106 82.0
5107 82.0
5108 82.0
5109 82.0
5110 82.0
5111 82.0
5112 82.0
5113 82.0
5114 82.0
5115 82.0
5116 82.0
5117 82.0
5118 82.0
5119 82.0
5120 82.0
5121 82.0
5122 82.0
5123 82.0
5124 82.0
5125 82.0
5126 82.0
5127 82.0
5128 82.0
5129 82.0
5130 82.0
5131 82.0
5132 82.0
5133 82.0
5134 82.0
5135 82.0
5136 82.0
5137 82.0
5138 82.0
5139 82.0
5140 82.0
5141 82.0
5142 82.0
5143 82.0
5144 82.0
5145 82.0
5146 82.0
5147 82.0
5148 82.0
5149 82.0
5150 82.0
5151 82.0
5152 82.0
5153 82.0
5154 82.0
5155 82.0
5156 82.0
5157 82.0
5158 82.0
5159 82.0
5160 82.0
5161 82.0
5162 82.0
5163 82.0
5164 82.0
5165 82.0
5166 82.0
5167 82.0
5168 82.0
5169 82.0
5170 82.0
5171 82.0
5172 82.0
5173 82.0
5174 82.0
5175 82.0
5176 82.0
5177 82.0
5178 82.0
5179 82.0
5180 82.0
5181 82.0
5182 82.0
5183 82.0
5184 82.0
5185 82.0
5186 82.0
5187 82.0
5188 82.0
5189 82.0
5190 82.0
5191 82.0
5192 82.0
5193 82.0
5194 82.0
5195 82.0
5196 82.0
5197 82.0
5198 82.0
5199 82.0
5200 82.0
5201 82.0
5202 82.0
5203 82.0
5204 82.0
5205 82.0
5206 82.0
5207 82.0
5208 82.0
5209 82.0
5210 82.0
5211 82.0
5212 82.0
5213 82.0
5214 82.0
5215 82.0
5216 82.0
5217 82.0
5218 82.0
5219 82.0
5220 82.0
5221 82.0
5222 82.0
5223 82.0
5224 82.0
5225 82.0
5226 82.0
5227 82.0
5228 82.0
5229 82.0
5230 82.0
5231 82.0
5232 82.0
5233 82.0
5234 82.0
5235 82.0
5236 82.0
5237 82.0
5238 82.0
5239 82.0
5240 82.0
5241 82.0
5242 82.0
5243 82.0
5244 82.0
5245 82.0
5246 82.0
5247 82.0
5248 82.0
5249 82.0
5250 82.0
5251 82.0
5252 82.0
5253 82.0
5254 82.0
5255 82.0
5256 82.0
5257 82.0
5258 82.0
5259 82.0
5260 82.0
5261 82.0
5262 82.0
5263 82.0
5264 82.0
5265 82.0
5266 82.0
5267 82.0
5268 82.0
5269 82.0
5270 82.0
5271 82.0
5272 82.0
5273 82.0
5274 82.0
5275 82.0
5276 82.0
5277 82.0
5278 82.0
5279 82.0
5280 82.0
5281 82.0
5282 82.0
5283 82.0
5284 82.0
5285 82.0
5286 82.0
5287 82.0
5288 82.0
5289 82.0
5290 82.0
5291 82.0
5292 82.0
5293 82.0
5294 82.0
5295 82.0
5296 82.0
5297 82.0
5298 82.0
5299 82.0
5300 82.0
5301 82.0
5302 82.0
5303 82.0
5304 82.0
5305 82.0
5306 82.0
5307 82.0
5308 82.0
5309 82.0
5310 82.0
5311 82.0
5312 82.0
5313 82.0
5314 82.0
5315 82.0
5316 82.0
5317 82.0
5318 82.0
5319 82.0
5320 82.0
5321 82.0
5322 82.0
5323 82.0
5324 82.0
5325 82.0
5326 82.0
5327 82.0
5328 82.0
5329 82.0
5330 82.0
5331 82.0
5332 82.0
5333 82.0
5334 82.0
5335 82.0
5336 82.0
5337 82.0
5338 82.0
5339 82.0
5340 82.0
5341 82.0
5342 82.0
5343 82.0
5344 82.0
5345 82.0
5346 82.0
5347 82.0
5348 82.0
5349 82.0
5350 82.0
5351 82.0
5352 82.0
5353 82.0
5354 82.0
5355 82.0
5356 82.0
5357 82.0
5358 82.0
5359 82.0
5360 82.0
5361 82.0
5362 82.0
5363 82.0
5364 82.0
5365 82.0
5366 82.0
5367 82.0
5368 82.0
5369 82.0
5370 82.0
5371 82.0
5372 82.0
5373 82.0
5374 82.0
5375 82.0
5376 82.0
5377 82.0
5378 82.0
5379 82.0
5380 82.0
5381 82.0
5382 82.0
5383 82.0
5384 82.0
5385 82.0
5386 82.0
5387 82.0
5388 82.0
5389 82.0
5390 82.0
5391 82.0
5392 82.0
5393 82.0
5394 82.0
5395 82.0
5396 82.0
5397 82.0
5398 82.0
5399 82.0
5400 82.0
5401 82.0
5402 82.0
5403 82.0
5404 82.0
5405 82.0
5406 82.0
5407 82.0
5408 82.0
5409 82.0
5410 82.0
5411 82.0
5412 82.0
5413 82.0
5414 82.0
5415 82.0
5416 82.0
5417 82.0
5418 82.0
5419 82.0
5420 82.0
5421 82.0
5422 82.0
5423 82.0
5424 82.0
5425 82.0
5426 82.0
5427 82.0
5428 82.0
5429 82.0
5430 82.0
5431 82.0
5432 82.0
5433 82.0
5434 82.0
5435 82.0
5436 82.0
5437 82.0
5438 82.0
5439 82.0
5440 82.0
5441 82.0
5442 82.0
5443 82.0
5444 82.0
5445 82.0
5446 82.0
5447 82.0
5448 82.0
5449 82.0
5450 82.0
5451 82.0
5452 82.0
5453 82.0
5454 82.0
5455 82.0
5456 82.0
5457 82.0
5458 82.0
5459 82.0
5460 82.0
5461 82.0
5462 82.0
5463 82.0
5464 82.0
5465 82.0
5466 82.0
5467 82.0
5468 82.0
5469 82.0
5470 82.0
5471 82.0
5472 82.0
5473 82.0
5474 82.0
5475 82.0
5476 82.0
5477 82.0
5478 82.0
5479 82.0
5480 82.0
5481 82.0
5482 82.0
5483 82.0
5484 82.0
5485 82.0
5486 82.0
5487 82.0
5488 82.0
5489 82.0
5490 82.0
5491 82.0
5492 82.0
5493 82.0
5494 82.0
5495 82.0
5496 82.0
5497 82.0
5498 82.0
5499 82.0
5500 82.0
5501 82.0
5502 82.0
5503 82.0
5504 82.0
5505 82.0
5506 82.0
5507 82.0
5508 82.0
5509 82.0
5510 82.0
5511 82.0
5512 82.0
5513 82.0
5514 82.0
5515 82.0
5516 82.0
5517 82.0
5518 82.0
5519 82.0
5520 82.0
5521 82.0
5522 82.0
5523 82.0
5524 82.0
5525 82.0
5526 82.0
5527 82.0
5528 82.0
5529 82.0
5530 82.0
5531 82.0
5532 82.0
5533 82.0
5534 82.0
5535 82.0
5536 82.0
5537 82.0
5538 82.0
5539 82.0
5540 82.0
5541 82.0
5542 82.0
5543 82.0
5544 82.0
5545 82.0
5546 82.0
5547 82.0
5548 82.0
5549 82.0
5550 82.0
5551 82.0
5552 82.0
5553 82.0
5554 82.0
5555 82.0
5556 82.0
5557 82.0
5558 82.0
5559 82.0
5560 82.0
5561 82.0
5562 82.0
5563 82.0
5564 82.0
5565 82.0
5566 82.0
5567 82.0
5568 82.0
5569 82.0
5570 82.0
5571 82.0
5572 82.0
5573 82.0
5574 82.0
5575 82.0
5576 82.0
5577 82.0
5578 82.0
5579 82.0
5580 82.0
5581 82.0
5582 82.0
5583 82.0
5584 82.0
5585 82.0
5586 82.0
5587 82.0
5588 82.0
5589 82.0
5590 82.0
5591 82.0
5592 82.0
5593 82.0
5594 82.0
5595 82.0
5596 82.0
5597 82.0
5598 82.0
5599 82.0
5600 82.0
5601 82.0
5602 82.0
5603 82.0
5604 82.0
5605 82.0
5606 82.0
5607 82.0
5608 82.0
5609 82.0
5610 82.0
5611 82.0
5612 82.0
5613 82.0
5614 82.0
5615 82.0
5616 82.0
5617 82.0
5618 82.0
5619 82.0
5620 82.0
5621 82.0
5622 82.0
5623 82.0
5624 82.0
5625 82.0
5626 82.0
5627 82.0
5628 82.0
5629 82.0
5630 82.0
5631 82.0
5632 82.0
5633 82.0
5634 82.0
5635 82.0
5636 82.0
5637 82.0
5638 82.0
5639 82.0
5640 82.0
5641 82.0
5642 82.0
5643 82.0
5644 82.0
5645 82.0
5646 82.0
5647 82.0
5648 82.0
5649 82.0
5650 82.0
5651 82.0
5652 82.0
5653 82.0
5654 82.0
5655 82.0
5656 82.0
5657 82.0
5658 82.0
5659 82.0
5660 82.0
5661 82.0
5662 82.0
5663 82.0
5664 82.0
5665 82.0
5666 82.0
5667 82.0
5668 82.0
5669 82.0
5670 82.0
5671 82.0
5672 82.0
5673 82.0
5674 82.0
5675 82.0
5676 82.0
5677 82.0
5678 82.0
5679 82.0
5680 82.0
5681 82.0
5682 82.0
5683 82.0
5684 82.0
5685 82.0
5686 82.0
5687 82.0
5688 82.0
5689 82.0
5690 82.0
5691 82.0
5692 82.0
5693 82.0
5694 82.0
5695 82.0
5696 82.0
5697 82.0
5698 82.0
5699 82.0
5700 82.0
5701 82.0
5702 82.0
5703 82.0
5704 82.0
5705 82.0
5706 82.0
5707 82.0
5708 82.0
5709 82.0
5710 82.0
5711 82.0
5712 82.0
5713 82.0
5714 82.0
5715 82.0
5716 82.0
5717 82.0
5718 82.0
5719 82.0
5720 82.0
5721 82.0
5722 82.0
5723 82.0
5724 82.0
5725 82.0
5726 82.0
5727 82.0
5728 82.0
5729 82.0
5730 82.0
5731 82.0
5732 82.0
5733 82.0
5734 82.0
5735 82.0
5736 82.0
5737 82.0
5738 82.0
5739 82.0
5740 82.0
5741 82.0
5742 82.0
5743 82.0
5744 82.0
5745 82.0
5746 82.0
5747 82.0
5748 82.0
5749 82.0
5750 82.0
5751 82.0
5752 82.0
5753 82.0
5754 82.0
5755 82.0
5756 82.0
5757 82.0
5758 82.0
5759 82.0
5760 82.0
5761 82.0
5762 82.0
5763 82.0
5764 82.0
5765 82.0
5766 82.0
5767 82.0
5768 82.0
5769 82.0
5770 82.0
5771 82.0
5772 82.0
5773 82.0
5774 82.0
5775 82.0
5776 82.0
5777 82.0
5778 82.0
5779 82.0
5780 82.0
5781 82.0
5782 82.0
5783 82.0
5784 82.0
5785 82.0
5786 82.0
5787 82.0
5788 82.0
5789 82.0
5790 82.0
5791 82.0
5792 82.0
5793 82.0
5794 82.0
5795 82.0
5796 82.0
5797 82.0
5798 82.0
5799 82.0
5800 82.0
5801 82.0
5802 82.0
5803 82.0
5804 82.0
5805 82.0
5806 82.0
5807 82.0
5808 82.0
5809 82.0
5810 82.0
5811 82.0
5812 82.0
5813 82.0
5814 82.0
5815 82.0
5816 82.0
5817 82.0
5818 82.0
5819 82.0
5820 82.0
5821 82.0
5822 82.0
5823 82.0
5824 82.0
5825 82.0
5826 82.0
5827 82.0
5828 82.0
5829 82.0
5830 82.0
5831 82.0
5832 82.0
5833 82.0
5834 82.0
5835 82.0
5836 82.0
5837 82.0
5838 82.0
5839 82.0
5840 82.0
5841 82.0
5842 82.0
5843 82.0
5844 82.0
5845 82.0
5846 82.0
5847 82.0
5848 82.0
5849 82.0
5850 82.0
5851 82.0
5852 82.0
5853 82.0
5854 82.0
5855 82.0
5856 82.0
5857 82.0
5858 82.0
5859 82.0
5860 82.0
5861 82.0
5862 82.0
5863 82.0
5864 82.0
5865 82.0
5866 82.0
5867 82.0
5868 82.0
5869 82.0
5870 82.0
5871 82.0
5872 82.0
5873 82.0
5874 82.0
5875 82.0
5876 82.0
5877 82.0
5878 82.0
5879 82.0
5880 82.0
5881 82.0
5882 82.0
5883 82.0
5884 82.0
5885 82.0
5886 82.0
5887 82.0
5888 82.0
5889 82.0
5890 82.0
5891 82.0
5892 82.0
5893 82.0
5894 82.0
5895 82.0
5896 82.0
5897 82.0
5898 82.0
5899 82.0
5900 82.0
5901 82.0
5902 82.0
5903 82.0
5904 82.0
5905 82.0
5906 82.0
5907 82.0
5908 82.0
5909 82.0
5910 82.0
5911 82.0
5912 82.0
5913 82.0
5914 82.0
5915 82.0
5916 82.0
5917 82.0
5918 82.0
5919 82.0
5920 82.0
5921 82.0
5922 82.0
5923 82.0
5924 82.0
5925 82.0
5926 82.0
5927 82.0
5928 82.0
5929 82.0
5930 82.0
5931 82.0
5932 82.0
5933 82.0
5934 82.0
5935 82.0
5936 82.0
5937 82.0
5938 82.0
5939 82.0
5940 82.0
5941 82.0
5942 82.0
5943 82.0
5944 82.0
5945 82.0
5946 82.0
5947 82.0
5948 82.0
5949 82.0
5950 82.0
5951 82.0
5952 82.0
5953 82.0
5954 82.0
5955 82.0
5956 82.0
5957 82.0
5958 82.0
5959 82.0
5960 82.0
5961 82.0
5962 82.0
5963 82.0
5964 82.0
5965 82.0
5966 82.0
5967 82.0
5968 82.0
5969 82.0
5970 82.0
5971 82.0
5972 82.0
5973 82.0
5974 82.0
5975 82.0
5976 82.0
5977 82.0
5978 82.0
5979 82.0
5980 82.0
5981 82.0
5982 82.0
5983 82.0
5984 82.0
5985 82.0
5986 82.0
5987 82.0
5988 82.0
5989 82.0
5990 82.0
5991 82.0
5992 82.0
5993 82.0
5994 82.0
5995 82.0
5996 82.0
5997 82.0
5998 82.0
5999 82.0
6000 82.0
6001 82.0
6002 82.0
6003 82.0
6004 82.0
6005 82.0
6006 82.0
6007 82.0
6008 82.0
6009 82.0
6010 82.0
6011 82.0
6012 82.0
6013 82.0
6014 82.0
6015 82.0
6016 82.0
6017 82.0
6018 82.0
6019 82.0
6020 82.0
6021 82.0
6022 82.0
6023 82.0
6024 82.0
6025 82.0
6026 82.0
6027 82.0
6028 82.0
6029 82.0
6030 82.0
6031 82.0
6032 82.0
6033 82.0
6034 82.0
6035 82.0
6036 82.0
6037 82.0
6038 82.0
6039 82.0
6040 82.0
6041 82.0
6042 82.0
6043 82.0
6044 82.0
6045 82.0
6046 82.0
6047 82.0
6048 82.0
6049 82.0
6050 82.0
6051 82.0
6052 82.0
6053 82.0
6054 82.0
6055 82.0
6056 82.0
6057 82.0
6058 82.0
6059 82.0
6060 82.0
6061 82.0
6062 82.0
6063 82.0
6064 82.0
6065 82.0
6066 82.0
6067 82.0
6068 82.0
6069 82.0
6070 82.0
6071 82.0
6072 82.0
6073 82.0
6074 82.0
6075 82.0
6076 82.0
6077 82.0
6078 82.0
6079 82.0
6080 82.0
6081 82.0
6082 82.0
6083 82.0
6084 82.0
6085 82.0
6086 82.0
6087 82.0
6088 82.0
6089 82.0
6090 82.0
6091 82.0
6092 65.0
6093 65.0
6094 65.0
6095 65.0
6096 65.0
6097 65.0
6098 65.0
6099 65.0
6100 65.0
6101 65.0
6102 65.0
6103 65.0
6104 65.0
6105 65.0
6106 65.0
6107 65.0
6108 65.0
6109 65.0
6110 65.0
6111 65.0
6112 65.0
6113 65.0
6114 65.0
6115 65.0
6116 65.0
6117 65.0
6118 65.0
6119 65.0
6120 65.0
6121 65.0
6122 65.0
6123 65.0
6124 65.0
6125 65.0
6126 65.0
6127 65.0
6128 65.0
6129 65.0
6130 65.0
6131 65.0
6132 65.0
6133 65.0
6134 65.0
6135 65.0
6136 65.0
6137 65.0
6138 65.0
6139 65.0
6140 65.0
6141 65.0
6142 65.0
6143 65.0
6144 65.0
6145 65.0
6146 65.0
6147 65.0
6148 65.0
6149 65.0
6150 65.0
6151 65.0
6152 65.0
6153 65.0
6154 65.0
6155 65.0
6156 65.0
6157 65.0
6158 65.0
6159 65.0
6160 65.0
6161 65.0
6162 65.0
6163 65.0
6164 65.0
6165 65.0
6166 65.0
6167 65.0
6168 65.0
6169 65.0
6170 65.0
6171 65.0
6172 65.0
6173 65.0
6174 65.0
6175 65.0
6176 65.0
6177 65.0
6178 65.0
6179 65.0
6180 65.0
6181 65.0
6182 65.0
6183 65.0
6184 65.0
6185 65.0
6186 65.0
6187 65.0
6188 65.0
6189 65.0
6190 65.0
6191 65.0
6192 65.0
6193 65.0
6194 65.0
6195 65.0
6196 65.0
6197 65.0
6198 65.0
6199 65.0
6200 65.0
6201 65.0
6202 65.0
6203 65.0
6204 65.0
6205 65.0
6206 65.0
6207 65.0
6208 65.0
6209 65.0
6210 65.0
6211 65.0
6212 65.0
6213 65.0
6214 65.0
6215 65.0
6216 65.0
6217 65.0
6218 65.0
6219 65.0
6220 65.0
6221 65.0
6222 65.0
6223 65.0
6224 65.0
6225 65.0
6226 65.0
6227 65.0
6228 65.0
6229 65.0
6230 65.0
6231 65.0
6232 65.0
6233 65.0
6234 65.0
6235 65.0
6236 65.0
6237 65.0
6238 65.0
6239 65.0
6240 65.0
6241 65.0
6242 65.0
6243 65.0
6244 65.0
6245 65.0
6246 65.0
6247 65.0
6248 65.0
6249 65.0
6250 65.0
6251 65.0
6252 65.0
6253 65.0
6254 65.0
6255 65.0
6256 65.0
6257 65.0
6258 65.0
6259 65.0
6260 65.0
6261 65.0
6262 65.0
6263 65.0
6264 65.0
6265 65.0
6266 65.0
6267 65.0
6268 65.0
6269 65.0
6270 65.0
6271 65.0
6272 65.0
6273 65.0
6274 65.0
6275 65.0
6276 65.0
6277 65.0
6278 65.0
6279 65.0
6280 65.0
6281 65.0
6282 65.0
6283 65.0
6284 65.0
6285 65.0
6286 65.0
6287 65.0
6288 65.0
6289 65.0
6290 65.0
6291 65.0
6292 65.0
6293 65.0
6294 65.0
6295 65.0
6296 65.0
6297 65.0
6298 65.0
6299 65.0
6300 65.0
6301 65.0
6302 65.0
6303 65.0
6304 65.0
6305 65.0
6306 65.0
6307 65.0
6308 65.0
6309 65.0
6310 65.0
6311 65.0
6312 65.0
6313 65.0
6314 65.0
6315 65.0
6316 65.0
6317 65.0
6318 65.0
6319 65.0
6320 65.0
6321 65.0
6322 65.0
6323 65.0
6324 65.0
6325 65.0
6326 65.0
6327 65.0
6328 65.0
6329 65.0
6330 65.0
6331 65.0
6332 65.0
6333 65.0
6334 65.0
6335 65.0
6336 65.0
6337 65.0
6338 65.0
6339 65.0
6340 65.0
6341 65.0
6342 65.0
6343 65.0
6344 65.0
6345 65.0
6346 65.0
6347 65.0
6348 65.0
6349 65.0
6350 65.0
6351 65.0
6352 65.0
6353 65.0
6354 65.0
6355 65.0
6356 65.0
6357 65.0
6358 65.0
6359 65.0
6360 65.0
6361 65.0
6362 65.0
6363 65.0
6364 65.0
6365 65.0
6366 65.0
6367 65.0
6368 65.0
6369 65.0
6370 65.0
6371 65.0
6372 65.0
6373 65.0
6374 65.0
6375 65.0
6376 65.0
6377 65.0
6378 65.0
6379 65.0
6380 65.0
6381 65.0
6382 65.0
6383 65.0
6384 65.0
6385 65.0
6386 65.0
6387 65.0
6388 65.0
6389 65.0
6390 65.0
6391 65.0
6392 65.0
6393 65.0
6394 65.0
6395 65.0
6396 65.0
6397 65.0
6398 65.0
6399 65.0
6400 65.0
6401 65.0
6402 65.0
6403 65.0
6404 65.0
6405 65.0
6406 65.0
6407 65.0
6408 65.0
6409 65.0
6410 65.0
6411 65.0
6412 65.0
6413 65.0
6414 65.0
6415 65.0
6416 65.0
6417 65.0
6418 65.0
6419 65.0
6420 65.0
6421 65.0
6422 65.0
6423 65.0
6424 65.0
6425 65.0
6426 65.0
6427 65.0
6428 65.0
6429 65.0
6430 65.0
6431 65.0
6432 65.0
6433 65.0
6434 65.0
6435 65.0
6436 65.0
6437 65.0
6438 65.0
6439 65.0
6440 65.0
6441 65.0
6442 65.0
6443 65.0
6444 65.0
6445 65.0
6446 65.0
6447 65.0
6448 65.0
6449 65.0
6450 65.0
6451 65.0
6452 65.0
6453 65.0
6454 65.0
6455 65.0
6456 65.0
6457 65.0
6458 65.0
6459 65.0
6460 65.0
6461 65.0
6462 65.0
6463 65.0
6464 65.0
6465 65.0
6466 65.0
6467 65.0
6468 65.0
6469 65.0
6470 65.0
6471 65.0
6472 65.0
6473 65.0
6474 65.0
6475 65.0
6476 65.0
6477 65.0
6478 65.0
6479 65.0
6480 65.0
6481 65.0
6482 65.0
6483 65.0
6484 65.0
6485 65.0
6486 65.0
6487 65.0
6488 65.0
6489 65.0
6490 65.0
6491 65.0
6492 65.0
6493 65.0
6494 65.0
6495 65.0
6496 65.0
6497 65.0
6498 65.0
6499 65.0
6500 65.0
6501 65.0
6502 65.0
6503 65.0
6504 65.0
6505 65.0
6506 65.0
6507 65.0
6508 65.0
6509 65.0
6510 65.0
6511 65.0
6512 65.0
6513 65.0
6514 65.0
6515 65.0
6516 65.0
6517 65.0
6518 65.0
6519 65.0
6520 65.0
6521 65.0
6522 65.0
6523 65.0
6524 65.0
6525 65.0
6526 65.0
6527 65.0
6528 65.0
6529 65.0
6530 65.0
6531 65.0
6532 65.0
6533 65.0
6534 65.0
6535 65.0
6536 65.0
6537 65.0
6538 65.0
6539 65.0
6540 65.0
6541 65.0
6542 65.0
6543 65.0
6544 65.0
6545 65.0
6546 65.0
6547 65.0
6548 65.0
6549 65.0
6550 65.0
6551 65.0
6552 65.0
6553 65.0
6554 65.0
6555 65.0
6556 65.0
6557 65.0
6558 65.0
6559 65.0
6560 65.0
6561 65.0
6562 65.0
6563 65.0
6564 65.0
6565 65.0
6566 65.0
6567 65.0
6568 65.0
6569 65.0
6570 65.0
6571 65.0
6572 65.0
6573 65.0
6574 65.0
6575 65.0
6576 65.0
6577 65.0
6578 65.0
6579 65.0
6580 65.0
6581 65.0
6582 65.0
6583 65.0
6584 65.0
6585 65.0
6586 65.0
6587 65.0
6588 65.0
6589 65.0
6590 65.0
6591 65.0
6592 65.0
6593 65.0
6594 65.0
6595 65.0
6596 65.0
6597 65.0
6598 65.0
6599 65.0
6600 65.0
6601 65.0
6602 65.0
6603 65.0
6604 65.0
6605 65.0
6606 65.0
6607 65.0
6608 65.0
6609 65.0
6610 65.0
6611 65.0
6612 65.0
6613 65.0
6614 65.0
6615 65.0
6616 65.0
6617 65.0
6618 65.0
6619 65.0
6620 65.0
6621 65.0
6622 65.0
6623 65.0
6624 65.0
6625 65.0
6626 65.0
6627 65.0
6628 65.0
6629 65.0
6630 65.0
6631 65.0
6632 65.0
6633 65.0
6634 65.0
6635 65.0
6636 65.0
6637 65.0
6638 65.0
6639 65.0
6640 65.0
6641 65.0
6642 65.0
6643 65.0
6644 65.0
6645 65.0
6646 65.0
6647 65.0
6648 65.0
6649 65.0
6650 65.0
6651 65.0
6652 65.0
6653 65.0
6654 65.0
6655 65.0
6656 65.0
6657 65.0
6658 65.0
6659 65.0
6660 65.0
6661 65.0
6662 65.0
6663 65.0
6664 65.0
6665 65.0
6666 65.0
6667 65.0
6668 65.0
6669 65.0
6670 65.0
6671 65.0
6672 65.0
6673 65.0
6674 65.0
6675 65.0
6676 65.0
6677 65.0
6678 65.0
6679 65.0
6680 65.0
6681 65.0
6682 65.0
6683 65.0
6684 65.0
6685 65.0
6686 65.0
6687 65.0
6688 65.0
6689 65.0
6690 65.0
6691 65.0
6692 65.0
6693 65.0
6694 65.0
6695 65.0
6696 65.0
6697 65.0
6698 65.0
6699 65.0
6700 65.0
6701 65.0
6702 65.0
6703 65.0
6704 65.0
6705 65.0
6706 65.0
6707 65.0
6708 65.0
6709 65.0
6710 65.0
6711 65.0
6712 65.0
6713 65.0
6714 65.0
6715 65.0
6716 65.0
6717 65.0
6718 65.0
6719 65.0
6720 65.0
6721 65.0
6722 65.0
6723 65.0
6724 65.0
6725 65.0
6726 65.0
6727 65.0
6728 65.0
6729 65.0
6730 65.0
6731 65.0
6732 65.0
6733 65.0
6734 65.0
6735 65.0
6736 65.0
6737 65.0
6738 65.0
6739 65.0
6740 65.0
6741 65.0
6742 65.0
6743 65.0
6744 65.0
6745 65.0
6746 65.0
6747 65.0
6748 65.0
6749 65.0
6750 65.0
6751 65.0
6752 65.0
6753 65.0
6754 65.0
6755 65.0
6756 65.0
6757 65.0
6758 65.0
6759 65.0
6760 65.0
6761 65.0
6762 65.0
6763 65.0
6764 65.0
6765 65.0
6766 65.0
6767 65.0
6768 65.0
6769 65.0
6770 65.0
6771 65.0
6772 65.0
6773 65.0
6774 65.0
6775 65.0
6776 65.0
6777 65.0
6778 65.0
6779 65.0
6780 65.0
6781 65.0
6782 65.0
6783 65.0
6784 65.0
6785 65.0
6786 65.0
6787 65.0
6788 65.0
6789 65.0
6790 65.0
6791 65.0
6792 65.0
6793 65.0
6794 65.0
6795 65.0
6796 65.0
6797 65.0
6798 65.0
6799 65.0
6800 65.0
6801 65.0
6802 65.0
6803 65.0
6804 65.0
6805 65.0
6806 65.0
6807 65.0
6808 65.0
6809 65.0
6810 65.0
6811 65.0
6812 65.0
6813 65.0
6814 65.0
6815 65.0
6816 65.0
6817 65.0
6818 65.0
6819 65.0
6820 65.0
6821 65.0
6822 65.0
6823 65.0
6824 65.0
6825 65.0
6826 65.0
6827 65.0
6828 65.0
6829 65.0
6830 65.0
6831 65.0
6832 65.0
6833 65.0
6834 65.0
6835 65.0
6836 65.0
6837 65.0
6838 65.0
6839 65.0
6840 65.0
6841 65.0
6842 65.0
6843 65.0
6844 65.0
6845 65.0
6846 65.0
6847 65.0
6848 65.0
6849 65.0
6850 65.0
6851 65.0
6852 65.0
6853 65.0
6854 65.0
6855 65.0
6856 65.0
6857 65.0
6858 65.0
6859 65.0
6860 65.0
6861 65.0
6862 65.0
6863 65.0
6864 65.0
6865 65.0
6866 65.0
6867 65.0
6868 65.0
6869 65.0
6870 65.0
6871 65.0
6872 65.0
6873 65.0
6874 65.0
6875 65.0
6876 65.0
6877 65.0
6878 65.0
6879 65.0
6880 65.0
6881 65.0
6882 65.0
6883 65.0
6884 65.0
6885 65.0
6886 65.0
6887 65.0
6888 65.0
6889 65.0
6890 65.0
6891 65.0
6892 65.0
6893 65.0
6894 65.0
6895 65.0
6896 65.0
6897 65.0
6898 65.0
6899 65.0
6900 65.0
6901 65.0
6902 65.0
6903 65.0
6904 65.0
6905 65.0
6906 65.0
6907 65.0
6908 65.0
6909 65.0
6910 65.0
6911 65.0
6912 65.0
6913 65.0
6914 65.0
6915 65.0
6916 65.0
6917 65.0
6918 65.0
6919 65.0
6920 65.0
6921 65.0
6922 65.0
6923 65.0
6924 65.0
6925 65.0
6926 65.0
6927 65.0
6928 65.0
6929 65.0
6930 65.0
6931 65.0
6932 65.0
6933 65.0
6934 65.0
6935 65.0
6936 65.0
6937 65.0
6938 65.0
6939 65.0
6940 65.0
6941 65.0
6942 65.0
6943 65.0
6944 65.0
6945 65.0
6946 65.0
6947 65.0
6948 65.0
6949 65.0
6950 65.0
6951 65.0
6952 65.0
6953 65.0
6954 65.0
6955 65.0
6956 65.0
6957 65.0
6958 65.0
6959 65.0
6960 65.0
6961 65.0
6962 65.0
6963 65.0
6964 65.0
6965 65.0
6966 65.0
6967 65.0
6968 65.0
6969 65.0
6970 65.0
6971 65.0
6972 65.0
6973 65.0
6974 65.0
6975 65.0
6976 65.0
6977 65.0
6978 65.0
6979 65.0
6980 65.0
6981 65.0
6982 65.0
6983 65.0
6984 65.0
6985 65.0
6986 65.0
6987 65.0
6988 65.0
6989 65.0
6990 65.0
6991 65.0
6992 65.0
6993 65.0
6994 65.0
6995 65.0
6996 65.0
6997 65.0
6998 65.0
6999 65.0
7000 65.0
7001 65.0
7002 65.0
7003 65.0
7004 65.0
7005 65.0
7006 65.0
7007 65.0
7008 65.0
7009 65.0
7010 65.0
7011 65.0
7012 65.0
7013 65.0
7014 65.0
7015 65.0
7016 65.0
7017 65.0
7018 65.0
7019 65.0
7020 65.0
7021 65.0
7022 65.0
7023 65.0
7024 65.0
7025 65.0
7026 65.0
7027 65.0
7028 65.0
7029 65.0
7030 65.0
7031 65.0
7032 65.0
7033 65.0
7034 65.0
7035 65.0
7036 65.0
7037 65.0
7038 65.0
7039 65.0
7040 65.0
7041 65.0
7042 65.0
7043 65.0
7044 65.0
7045 65.0
7046 65.0
7047 65.0
7048 65.0
7049 65.0
7050 65.0
7051 65.0
7052 65.0
7053 65.0
7054 65.0
7055 65.0
7056 65.0
7057 65.0
7058 65.0
7059 65.0
7060 65.0
7061 65.0
7062 65.0
7063 65.0
7064 65.0
7065 65.0
7066 65.0
7067 65.0
7068 65.0
7069 65.0
7070 65.0
7071 65.0
7072 65.0
7073 65.0
7074 65.0
7075 65.0
7076 65.0
7077 65.0
7078 65.0
7079 65.0
7080 65.0
7081 65.0
7082 65.0
7083 65.0
7084 65.0
7085 65.0
7086 65.0
7087 65.0
7088 65.0
7089 65.0
7090 65.0
7091 65.0
7092 65.0
7093 65.0
7094 65.0
7095 65.0
7096 65.0
7097 65.0
7098 65.0
7099 65.0
7100 65.0
7101 65.0
7102 65.0
7103 65.0
7104 65.0
7105 65.0
7106 65.0
7107 65.0
7108 65.0
7109 65.0
7110 65.0
7111 65.0
7112 65.0
7113 65.0
7114 65.0
7115 65.0
7116 65.0
7117 65.0
7118 65.0
7119 65.0
7120 65.0
7121 65.0
7122 65.0
7123 65.0
7124 65.0
7125 65.0
7126 65.0
7127 65.0
7128 65.0
7129 65.0
7130 65.0
7131 65.0
7132 65.0
7133 65.0
7134 65.0
7135 65.0
7136 65.0
7137 65.0
7138 65.0
7139 65.0
7140 65.0
7141 65.0
7142 65.0
7143 65.0
7144 65.0
7145 65.0
7146 65.0
7147 65.0
7148 65.0
7149 65.0
7150 65.0
7151 65.0
7152 65.0
7153 65.0
7154 65.0
7155 65.0
7156 65.0
