Data exchange - INLET:
"Inlet index"
"Inlet perimeter"
"Mesh element elevation
"Inlet elevation"
"Inlet Zc
             1        2.20       36.82       36.78       36.78
             2        2.20       36.81       36.91       36.81
             3        2.20       37.76       38.24       37.76
             4        2.20       38.00       38.15       38.00
             5        2.20       34.08       33.94       33.94
             6        2.20       33.88       34.09       33.88
             7        2.20       37.08       37.14       37.08
             8        2.20       36.94       37.03       36.94
             9        2.20       38.29       38.22       38.22
            10        2.20       32.35       32.38       32.35
            11        2.20       32.45       32.37       32.37
            12        2.20       30.91       30.97       30.91
            13        2.20       30.69       30.77       30.69
            14        2.20       31.48       31.58       31.48
            15        2.20       34.34       34.53       34.34
            16        2.20       37.12       37.04       37.04
            17        2.20       37.60       37.57       37.57
            18        2.20       37.10       37.17       37.10
            19        2.20       34.71       34.82       34.71
            20        2.20       33.93       34.03       33.93
            21        2.20       31.64       31.77       31.64
            22        2.20       30.94       30.94       30.94
            23        2.20       29.29       29.45       29.29
            24        2.20       33.28       33.27       33.27
            25        2.20       34.24       33.97       33.97
            26        2.20       36.76       35.68       35.68
            27        2.20       38.19       38.13       38.13
            28        2.20       39.49       39.74       39.49
            29        2.20       42.30       42.48       42.30
            30        2.20       44.31       44.61       44.31
            31        2.20       45.45       45.76       45.45
            32        2.20       43.82       43.60       43.60
            33        2.20       44.36       44.41       44.36
            34        2.20       42.71       42.82       42.71
            35        2.20       42.67       42.84       42.67
            36        2.20       41.42       41.51       41.42
            37        2.20       41.40       41.54       41.40
            38        2.20       39.24       39.07       39.07
            39        2.20       39.14       39.27       39.14
            40        2.20       37.12       37.15       37.12
            41        2.20       37.14       37.20       37.14
            42        2.20       39.96       39.99       39.96
            43        2.20       39.97       39.98       39.97
            44        2.20       43.00       43.02       43.00
            45        2.20       42.95       42.90       42.90
            46        2.20       45.09       44.97       44.97
            47        2.20       44.69       44.67       44.67
            48        2.20       43.92       43.71       43.71
            49        2.20       42.38       42.48       42.38
            50        2.20       42.20       42.23       42.20
            51        2.20       42.15       41.99       41.99
            52        2.20       41.04       41.03       41.03
            53        2.20       41.20       41.01       41.01
            54        2.20       39.75       39.90       39.75
            55        2.20       39.81       39.84       39.81
            56        2.20       38.43       38.32       38.32
            57        2.20       38.54       38.83       38.54
            58        2.20       39.60       39.61       39.60
            59        2.20       39.56       39.39       39.39
            60        2.20       38.03       38.04       38.03
            61        2.20       38.15       38.15       38.15
            62        2.20       37.22       37.31       37.22
            63        2.20       36.23       36.21       36.21
            64        2.20       36.77       36.79       36.77
            65        2.20       36.70       36.68       36.68
            66        2.20       35.16       35.26       35.16
            67        2.20       35.19       35.19       35.19
            68        2.20       37.23       37.48       37.23
            69        2.20       37.42       37.47       37.42
            70        2.20       40.64       40.68       40.64
            71        2.20       40.28       40.25       40.25
            72        2.20       40.28       40.47       40.28
            73        2.20       41.61       41.67       41.61
            74        2.20       41.78       41.85       41.78
            75        2.20       42.70       42.77       42.70
            76        2.20       42.56       42.59       42.56
            77        2.20       42.29       42.00       42.00
            78        2.20       44.35       44.44       44.35
            79        2.20       38.54       38.89       38.54
            80        2.20       38.50       38.77       38.50
            81        2.20       33.94       33.87       33.87
            82        2.20       38.10       37.81       37.81
            83        2.20       38.34       38.29       38.29
            84        2.20       37.87       37.82       37.82
            85        2.20       37.92       37.95       37.92
            86        2.20       37.79       37.95       37.79
            87        2.20       37.77       37.84       37.77
            88        2.20       34.27       34.17       34.17
            89        2.20       34.36       34.14       34.14
            90        2.20       32.23       32.34       32.23
            91        2.20       31.48       31.45       31.45
            92        2.20       31.41       31.47       31.41
            93        2.20       33.12       33.18       33.12
            94        2.20       33.11       33.27       33.11
            95        2.20       36.71       36.66       36.66
            96        2.20       34.23       34.81       34.23
            97        2.20       33.29       33.45       33.29
            98        2.20       32.10       32.08       32.08
            99        2.20       30.51       30.39       30.39
           100        2.20       29.43       29.45       29.43
           101        2.20       43.70       43.71       43.70
           102        2.20       39.93       40.02       39.93
           103        2.20       40.00       40.10       40.00
  
Data exchange - NODE:
"Node index"
"Node type
"Weir coefficient"
"Node perimeter"
"Mesh element elevation"
"Node top elevation"
"Node Zc"
             0             0        1.60        3.77       44.66       46.29       46.29
             1             0        1.60        3.77       43.49       45.15       45.15
             2             0        1.60        3.77       42.47       44.52       44.52
             3             0        1.60        3.77       41.25       42.71       42.71
             4             0        1.60        3.77       39.60       41.71       41.71
             5             0        1.60        3.77       37.98       39.52       39.52
             6             0        1.60        3.77       36.52       38.15       38.15
             7             0        1.60        3.77       32.70       34.79       34.79
             8             0        1.60        3.77       36.61       38.45       38.45
             9             0        1.60        3.77       39.98       41.53       41.53
            10             0        1.60        3.77       37.51       38.99       38.99
            11             0        1.60        3.77       33.08       34.76       34.76
            12             0        1.60        3.77       31.49       33.13       33.13
            13             0        1.60        3.77       42.46       43.67       43.67
            14             0        1.60        3.77       45.55       47.70       47.70
            15             0        1.60        3.77       39.05       40.64       40.64
            16             0        1.60        3.77       38.11       40.18       40.18
            17             0        1.60        3.77       42.92       44.77       44.77
            18             0        1.60        3.77       40.00       41.41       41.41
            19             0        1.60        3.77       44.78       46.30       46.30
            20             0        1.60        3.77       44.89       46.87       46.87
            21             0        1.60        3.77       43.70       45.18       45.18
            22             0        1.60        3.77       42.38       43.98       43.98
            23             0        1.60        3.77       41.28       43.10       43.10
            24             0        1.60        3.77       39.93       41.87       41.87
            25             0        1.60        3.77       38.67       40.27       40.27
            26             0        1.60        3.77       37.28       39.01       39.01
            27             0        1.60        3.77       37.09       38.65       38.65
            28             0        1.60        3.77       42.28       44.11       44.11
            29             0        1.60        3.77       37.98       39.78       39.78
            30             0        1.60        3.77       40.42       42.19       42.19
            31             0        1.60        3.77       41.61       43.18       43.18
            32             0        1.60        3.77       37.61       39.27       39.27
            33             0        1.60        3.77       38.15       39.56       39.56
            34             0        1.60        3.77       41.99       43.64       43.64
            35             0        1.60        3.77       38.24       40.02       40.02
            36             0        1.60        3.77       38.18       40.07       40.07
            37             0        1.60        3.77       34.46       36.02       36.02
            38             0        1.60        3.77       36.29       38.08       38.08
            39             0        1.60        3.77       34.59       36.37       36.37
            40             0        1.60        3.77       32.87       34.84       34.84
            41             0        1.60        3.77       35.90       37.31       37.31
            42             0        1.60        3.77       33.17       34.81       34.81
            43             0        1.60        3.77       37.42       38.89       38.89
            44             0        1.60        3.77       37.03       39.02       39.02
            45             0        1.60        3.77       35.87       37.51       37.51
            46             0        1.60        3.77       34.11       36.16       36.16
            47             0        1.60        3.77       32.19       33.90       33.90
            48             0        1.60        3.77       31.25       33.19       33.19
            49             0        1.60        3.77       32.53       34.40       34.40
            50             0        1.60        3.77       31.22       32.99       32.99
            51             0        1.60        3.77       29.30       31.29       31.29
            52             0        1.60        3.77       29.23       31.17       31.17
            53             0        1.60        3.77       29.59       31.49       31.49
            54             0        1.60        3.77       31.47       33.59       33.59
            55             0        1.60        3.77       38.51       40.17       40.17
            56             0        1.60        3.77       35.78       37.41       37.41
            57             0        1.60        3.77       31.51       33.33       33.33
            58             0        1.60        3.77       34.45       36.00       36.00
            59             0        1.60        3.77       29.86       33.41       33.41
            60             0        1.60        3.77       29.93       33.53       33.53
            61             0        1.60        3.77       30.02       33.45       33.45
            62             0        1.60        3.77       30.13       33.51       33.51
            63             0        1.60        3.77       38.16       39.63       39.63
            64             0        1.60        3.77       33.37       34.84       34.84
            65             0        1.60        3.77       35.09       35.11       35.11
