Number of roofs
46
Roofs properties
RF1 1 1.5 30.0 0.018 1 J56 100.0 0.0 0.0
RF2 2 1.5 30.0 0.018 1 J32 100.0 0.0 0.0
RF3 3 1.5 30.0 0.018 1 J40 100.0 0.0 0.0
RF4 4 1.5 30.0 0.018 1 J56 100.0 0.0 0.0
RF5 5 1.5 30.0 0.018 1 J56 100.0 0.0 0.0
RF6 6 1.5 30.0 0.018 1 J56 100.0 0.0 0.0
RF7 7 1.5 30.0 0.018 1 J39 100.0 0.0 0.0
RF8 8 1.5 30.0 0.018 1 J52 100.0 0.0 0.0
RF9 9 1.5 30.0 0.018 1 J37 100.0 0.0 0.0
RF10 10 1.5 30.0 0.018 1 J17 100.0 0.0 0.0
RF11 11 1.5 30.0 0.018 1 J11 100.0 0.0 0.0
RF12 12 1.5 30.0 0.018 1 J14 100.0 0.0 0.0
RF13 13 1.5 30.0 0.018 1 J56 100.0 0.0 0.0
RF14 14 1.5 30.0 0.018 1 J40 100.0 0.0 0.0
RF15 15 1.5 30.0 0.018 1 J60 100.0 0.0 0.0
RF16 16 1.5 30.0 0.018 1 J33 100.0 0.0 0.0
RF17 17 1.5 30.0 0.018 1 J48 100.0 0.0 0.0
RF18 18 1.5 30.0 0.018 1 J12 100.0 0.0 0.0
RF19 19 1.5 30.0 0.018 1 J47 100.0 0.0 0.0
RF20 20 1.5 30.0 0.018 1 J49 100.0 0.0 0.0
RF21 21 1.5 30.0 0.018 1 J34 100.0 0.0 0.0
RF22 22 1.5 30.0 0.018 1 J36 100.0 0.0 0.0
RF23 23 1.5 30.0 0.018 1 J20 100.0 0.0 0.0
RF24 24 1.5 30.0 0.018 1 J22 100.0 0.0 0.0
RF25 25 1.5 30.0 0.018 1 J6 100.0 0.0 0.0
RF26 26 1.5 30.0 0.018 1 J26 100.0 0.0 0.0
RF27 27 1.5 30.0 0.018 1 J7 100.0 0.0 0.0
RF28 28 1.5 30.0 0.018 1 J58 100.0 0.0 0.0
RF29 29 1.5 30.0 0.018 1 J8 100.0 0.0 0.0
RF30 30 1.5 30.0 0.018 1 J49 100.0 0.0 0.0
RF31 31 1.5 30.0 0.018 1 J13 100.0 0.0 0.0
RF32 32 1.5 30.0 0.018 1 J37 100.0 0.0 0.0
RF33 33 1.5 30.0 0.018 1 J15 100.0 0.0 0.0
RF34 34 1.5 30.0 0.018 1 J15 100.0 0.0 0.0
RF35 35 1.5 30.0 0.018 1 J12 100.0 0.0 0.0
RF36 36 1.5 30.0 0.018 1 J8 100.0 0.0 0.0
RF37 37 1.5 30.0 0.018 1 J50 100.0 0.0 0.0
RF38 38 1.5 30.0 0.018 1 J60 100.0 0.0 0.0
RF39 39 1.5 30.0 0.018 1 J14 100.0 0.0 0.0
RF40 40 1.5 30.0 0.018 1 J17 100.0 0.0 0.0
RF41 41 1.5 30.0 0.018 1 J12 100.0 0.0 0.0
RF42 42 1.5 30.0 0.018 1 J57 100.0 0.0 0.0
RF43 43 1.5 30.0 0.018 1 J59 100.0 0.0 0.0
RF44 44 1.5 30.0 0.018 1 J47 100.0 0.0 0.0
RF45 45 1.5 30.0 0.018 1 J4 100.0 0.0 0.0
RF46 46 1.5 30.0 0.018 1 J2 100.0 0.0 0.0

Roof elements
7157 1
7158 1
7159 1
7160 1
7161 2
7162 2
7163 2
7164 2
7165 2
7166 2
7167 3
7168 3
7169 3
7170 3
7171 3
7172 3
7173 3
7174 3
7175 3
7176 3
7177 3
7178 3
7179 3
7180 3
7181 3
7182 3
7183 3
7184 3
7185 4
7186 4
7187 4
7188 4
7189 5
7190 5
7191 5
7192 5
7193 5
7194 6
7195 6
7196 7
7197 7
7198 7
7199 7
7200 7
7201 7
7202 7
7203 8
7204 8
7205 9
7206 9
7207 10
7208 10
7209 10
7210 10
7211 10
7212 10
7213 11
7214 11
7215 12
7216 12
7217 12
7218 12
7219 12
7220 12
7221 12
7222 12
7223 13
7224 13
7225 13
7226 13
7227 13
7228 13
7229 13
7230 13
7231 13
7232 13
7233 14
7234 14
7235 14
7236 14
7237 15
7238 15
7239 15
7240 15
7241 16
7242 16
7243 16
7244 16
7245 16
7246 16
7247 16
7248 17
7249 17
7250 17
7251 17
7252 17
7253 17
7254 17
7255 17
7256 17
7257 17
7258 17
7259 18
7260 18
7261 18
7262 18
7263 18
7264 18
7265 18
7266 18
7267 18
7268 18
7269 18
7270 18
7271 19
7272 19
7273 19
7274 19
7275 19
7276 19
7277 19
7278 20
7279 20
7280 20
7281 20
7282 20
7283 20
7284 20
7285 20
7286 20
7287 20
7288 20
7289 20
7290 20
7291 20
7292 20
7293 21
7294 21
7295 21
7296 21
7297 21
7298 21
7299 21
7300 21
7301 21
7302 22
7303 22
7304 22
7305 22
7306 22
7307 22
7308 22
7309 22
7310 22
7311 23
7312 23
7313 23
7314 23
7315 23
7316 23
7317 24
7318 24
7319 24
7320 24
7321 24
7322 24
7323 25
7324 25
7325 25
7326 25
7327 25
7328 25
7329 25
7330 25
7331 25
7332 25
7333 26
7334 26
7335 26
7336 26
7337 26
7338 26
7339 26
7340 26
7341 26
7342 26
7343 26
7344 26
7345 26
7346 26
7347 26
7348 26
7349 26
7350 27
7351 27
7352 27
7353 27
7354 27
7355 28
7356 28
7357 28
7358 28
7359 29
7360 29
7361 29
7362 29
7363 30
7364 30
7365 30
7366 30
7367 31
7368 31
7369 31
7370 31
7371 31
7372 32
7373 32
7374 32
7375 32
7376 32
7377 32
7378 32
7379 33
7380 33
7381 33
7382 33
7383 33
7384 33
7385 33
7386 33
7387 33
7388 33
7389 33
7390 33
7391 34
7392 34
7393 34
7394 34
7395 34
7396 34
7397 34
7398 34
7399 35
7400 35
7401 35
7402 35
7403 36
7404 36
7405 36
7406 36
7407 36
7408 36
7409 36
7410 37
7411 37
7412 37
7413 38
7414 38
7415 38
7416 38
7417 39
7418 39
7419 40
7420 40
7421 40
7422 40
7423 41
7424 41
7425 41
7426 41
7427 41
7428 41
7429 41
7430 41
7431 41
7432 41
7433 41
7434 41
7435 42
7436 42
7437 42
7438 42
7439 42
7440 42
7441 42
7442 43
7443 43
7444 44
7445 44
7446 44
7447 44
7448 44
7449 44
7450 44
7451 44
7452 44
7453 45
7454 45
7455 45
7456 45
7457 45
7458 45
7459 45
7460 45
7461 45
7462 45
7463 46
7464 46
7465 46
7466 46
7467 46
7468 46
7469 46
7470 46
7471 46
7472 46
7473 46
7474 46
7475 46
