gully_id outlet_type node_id xcoord ycoord zcoord width length depth method weir_cd orifice_cd a_param b_param efficiency
1001 To_network J11 418508.579613 4577581.404796 36.78 1.0 0.2 -9999 W_O 1.6 0.7 -9999 -9999 90.0
1002 To_network J11 418517.7067026501 4577582.560565604 36.91 1.0 0.2 -9999 W_O 1.6 0.7 -9999 -9999 90.0
1003 To_network J11 418501.778834 4577622.281823 38.24 1.0 0.2 -9999 W_O 1.6 0.7 -9999 -9999 90.0
1004 To_network J11 418511.076017002 4577623.653814863 38.15 1.0 0.2 -9999 W_O 1.6 0.7 -9999 -9999 90.0
1005 To_network J12 418601.330672 4577602.458274 33.94 1.0 0.2 -9999 W_O 1.6 0.7 -9999 -9999 90.0
1006 To_network J12 418615.221626 4577605.207525 34.09 1.0 0.2 -9999 W_O 1.6 0.7 -9999 -9999 90.0
1007 To_network J9 418593.806405 4577648.037967 37.14 1.0 0.2 -9999 W_O 1.6 0.7 -9999 -9999 90.0
1008 To_network J9 418607.407965 4577650.353126 37.03 1.0 0.2 -9999 W_O 1.6 0.7 -9999 -9999 90.0
1009 To_network J17 418488.1640227801 4577581.028813464 38.22 1.0 0.2 -9999 W_O 1.6 0.7 -9999 -9999 90.0
1010 To_network J13 418637.939125 4577596.525679 32.38 1.0 0.2 -9999 W_O 1.6 0.7 -9999 -9999 90.0
1011 To_network J13 418640.254284 4577580.03017 32.37 1.0 0.2 -9999 W_O 1.6 0.7 -9999 -9999 90.0
1012 To_network J63 418690.608993 4577605.49692 30.97 1.0 0.2 -9999 W_O 1.6 0.7 -9999 -9999 90.0
1013 To_network J63 418693.937034 4577589.290807 30.77 1.0 0.2 -9999 W_O 1.6 0.7 -9999 -9999 90.0
1014 To_network J63 418699.290839 4577623.873495 31.58 1.0 0.2 -9999 W_O 1.6 0.7 -9999 -9999 90.0
1015 To_network J8 418692.055967 4577672.347137 34.53 1.0 0.2 -9999 W_O 1.6 0.7 -9999 -9999 90.0
1016 To_network J7 418681.348356 4577729.502626 37.04 1.0 0.2 -9999 W_O 1.6 0.7 -9999 -9999 90.0
1017 To_network J27 418672.08772 4577787.960392 37.57 1.0 0.2 -9999 W_O 1.6 0.7 -9999 -9999 90.0
1018 To_network J27 418668.325587 4577811.980167 37.17 1.0 0.2 -9999 W_O 1.6 0.7 -9999 -9999 90.0
1019 To_network J47 418657.617976 4577874.778855 34.82 1.0 0.2 -9999 W_O 1.6 0.7 -9999 -9999 90.0
1020 To_network J47 418651.251289 4577901.403184 34.03 1.0 0.2 -9999 W_O 1.6 0.7 -9999 -9999 90.0
1021 To_network J49 418640.833073 4577961.886714 31.77 1.0 0.2 -9999 W_O 1.6 0.7 -9999 -9999 90.0
1022 To_network J49 418638.228519 4577986.195884 30.94 1.0 0.2 -9999 W_O 1.6 0.7 -9999 -9999 90.0
1023 To_network J54 418629.257278 4578044.07486 29.45 1.0 0.2 -9999 W_O 1.6 0.7 -9999 -9999 90.0
1024 To_network J43 418446.495368 4577939.648526 33.27 1.0 0.2 -9999 W_O 1.6 0.7 -9999 -9999 90.0
1025 To_network J39 418341.119457 4577922.212485 33.97 1.0 0.2 -9999 W_O 1.6 0.7 -9999 -9999 90.0
1026 To_network J37 418323.900462 4577903.83591 35.68 1.0 0.2 -9999 W_O 1.6 0.7 -9999 -9999 90.0
1027 To_network J37 418330.701242 4577862.163047 38.13 1.0 0.2 -9999 W_O 1.6 0.7 -9999 -9999 90.0
1028 To_network J36 418335.765652 4577832.355375 39.74 1.0 0.2 -9999 W_O 1.6 0.7 -9999 -9999 90.0
1029 To_network J35 418348.499027 4577793.721158 42.48 1.0 0.2 -9999 W_O 1.6 0.7 -9999 -9999 90.0
1030 To_network J35 418366.730904 4577760.29605 44.61 1.0 0.2 -9999 W_O 1.6 0.7 -9999 -9999 90.0
1031 To_network J21 418394.223418 4577717.755002 45.76 1.0 0.2 -9999 W_O 1.6 0.7 -9999 -9999 90.0
1032 To_network J2 418431.41066 4577679.988971 43.6 1.0 0.2 -9999 W_O 1.6 0.7 -9999 -9999 90.0
1033 To_network J2 418434.304609 4577664.795739 44.41 1.0 0.2 -9999 W_O 1.6 0.7 -9999 -9999 90.0
1034 To_network J3 418485.6722 4577687.223843 42.82 1.0 0.2 -9999 W_O 1.6 0.7 -9999 -9999 90.0
1035 To_network J3 418487.408569 4577673.766981 42.84 1.0 0.2 -9999 W_O 1.6 0.7 -9999 -9999 90.0
1036 To_network J4 418533.856447 4577695.037504 41.51 1.0 0.2 -9999 W_O 1.6 0.7 -9999 -9999 90.0
1037 To_network J4 418536.316304 4577681.870037 41.54 1.0 0.2 -9999 W_O 1.6 0.7 -9999 -9999 90.0
1038 To_network J6 418610.54609 4577706.468602 39.07 1.0 0.2 -9999 W_O 1.6 0.7 -9999 -9999 90.0
1039 To_network J6 418613.150644 4577690.696581 39.27 1.0 0.2 -9999 W_O 1.6 0.7 -9999 -9999 90.0
1040 To_network J7 418672.331897 4577716.308028 37.15 1.0 0.2 -9999 W_O 1.6 0.7 -9999 -9999 90.0
1041 To_network J7 418675.515241 4577701.548889 37.2 1.0 0.2 -9999 W_O 1.6 0.7 -9999 -9999 90.0
1042 To_network J5 418584.355854 4577738.446736 39.99 1.0 0.2 -9999 W_O 1.6 0.7 -9999 -9999 90.0
1043 To_network J19 418592.169516 4577739.893711 39.98 1.0 0.2 -9999 W_O 1.6 0.7 -9999 -9999 90.0
1044 Sink J3 418486.540384 4577722.674715 43.02 1.0 0.2 -9999 UPC 1.6 0.7 0.496 0.712 90.0
1045 To_network J3 418493.341164 4577723.976992 42.9 1.0 0.2 -9999 W_O 1.6 0.7 -9999 -9999 90.0
1046 To_network J21 418393.210536 4577747.27328 44.97 1.0 0.2 -9999 W_O 1.6 0.7 -9999 -9999 90.0
1047 To_network J22 418391.908259 4577757.402101 44.67 1.0 0.2 -9999 W_O 1.6 0.7 -9999 -9999 90.0
1048 To_network J22 418435.028096 4577755.665732 43.71 1.0 0.2 -9999 W_O 1.6 0.7 -9999 -9999 90.0
1049 To_network J23 418473.951707 4577773.752912 42.48 1.0 0.2 -9999 W_O 1.6 0.7 -9999 -9999 90.0
1050 To_network J24 418493.485862 4577765.505158 42.23 1.0 0.2 -9999 W_O 1.6 0.7 -9999 -9999 90.0
1051 To_network J24 418492.038887 4577772.595332 41.99 1.0 0.2 -9999 W_O 1.6 0.7 -9999 -9999 90.0
1052 To_network J25 418540.51253 4577781.132481 41.03 1.0 0.2 -9999 W_O 1.6 0.7 -9999 -9999 90.0
1053 To_network J25 418541.525412 4577774.476399 41.01 1.0 0.2 -9999 W_O 1.6 0.7 -9999 -9999 90.0
1054 To_network J26 418586.092223 4577792.563579 39.9 1.0 0.2 -9999 W_O 1.6 0.7 -9999 -9999 90.0
1055 To_network J26 418591.301331 4577782.434758 39.84 1.0 0.2 -9999 W_O 1.6 0.7 -9999 -9999 90.0
1056 To_network J27 418635.43405 4577797.627989 38.32 1.0 0.2 -9999 W_O 1.6 0.7 -9999 -9999 90.0
1057 To_network J27 418636.881024 4577790.682512 38.83 1.0 0.2 -9999 W_O 1.6 0.7 -9999 -9999 90.0
1058 To_network J25 418575.239915 4577799.074964 39.61 1.0 0.2 -9999 W_O 1.6 0.7 -9999 -9999 90.0
1059 To_network J25 418581.4335598481 4577799.599808297 39.39 1.0 0.2 -9999 W_O 1.6 0.7 -9999 -9999 90.0
1060 To_network J45 418567.136858 4577845.08875 38.04 1.0 0.2 -9999 W_O 1.6 0.7 -9999 -9999 90.0
1061 To_network J45 418573.9573344793 4577844.865407529 38.15 1.0 0.2 -9999 W_O 1.6 0.7 -9999 -9999 90.0
1062 To_network J45 418550.062561 4577888.497981 37.31 1.0 0.2 -9999 W_O 1.6 0.7 -9999 -9999 90.0
1063 To_network J45 418568.439135 4577902.678331 36.21 1.0 0.2 -9999 W_O 1.6 0.7 -9999 -9999 90.0
1064 To_network J46 418579.002049 4577877.935068 36.79 1.0 0.2 -9999 W_O 1.6 0.7 -9999 -9999 90.0
1065 To_network J46 418577.989166 4577887.919192 36.68 1.0 0.2 -9999 W_O 1.6 0.7 -9999 -9999 90.0
1066 To_network J47 418630.659035 4577891.536628 35.26 1.0 0.2 -9999 W_O 1.6 0.7 -9999 -9999 90.0
1067 To_network J47 418631.816614 4577882.420689 35.19 1.0 0.2 -9999 W_O 1.6 0.7 -9999 -9999 90.0
1068 To_network J45 418527.48976 4577886.90631 37.48 1.0 0.2 -9999 W_O 1.6 0.7 -9999 -9999 90.0
1069 To_network J44 418513.598806 4577874.172935 37.47 1.0 0.2 -9999 W_O 1.6 0.7 -9999 -9999 90.0
1070 To_network J31 418467.729717 4577814.123497 40.68 1.0 0.2 -9999 W_O 1.6 0.7 -9999 -9999 90.0
1071 To_network J31 418466.282743 4577827.00157 40.25 1.0 0.2 -9999 W_O 1.6 0.7 -9999 -9999 90.0
1072 To_network J31 418477.135051 4577820.924277 40.47 1.0 0.2 -9999 W_O 1.6 0.7 -9999 -9999 90.0
1073 To_network J32 418419.690167 4577816.004564 41.67 1.0 0.2 -9999 W_O 1.6 0.7 -9999 -9999 90.0
1074 To_network J32 418420.558352 4577810.216666 41.85 1.0 0.2 -9999 W_O 1.6 0.7 -9999 -9999 90.0
1075 To_network J29 418380.187766 4577801.53482 42.77 1.0 0.2 -9999 W_O 1.6 0.7 -9999 -9999 90.0
1076 To_network J30 418370.203643 4577804.718164 42.59 1.0 0.2 -9999 W_O 1.6 0.7 -9999 -9999 90.0
1077 To_network J30 418378.596094 4577813.110615 42.0 1.0 0.2 -9999 W_O 1.6 0.7 -9999 -9999 90.0
1078 To_network J29 418378.596094 4577763.334696 44.44 1.0 0.2 -9999 W_O 1.6 0.7 -9999 -9999 90.0
1079 To_network J30 418361.955889 4577848.272093 38.89 1.0 0.2 -9999 W_O 1.6 0.7 -9999 -9999 90.0
1080 To_network J30 418371.795315 4577850.15316 38.77 1.0 0.2 -9999 W_O 1.6 0.7 -9999 -9999 90.0
1081 To_network J39 418355.010412 4577909.768505 33.87 1.0 0.2 -9999 W_O 1.6 0.7 -9999 -9999 90.0
1082 To_network J34 418393.84236491227 4577867.459818534 37.81 1.0 0.2 -9999 W_O 1.6 0.7 -9999 -9999 90.0
1083 To_network J34 418395.091602 4577859.992586 38.29 1.0 0.2 -9999 W_O 1.6 0.7 -9999 -9999 90.0
1084 To_network J33 418440.55508003593 4577875.293034567 37.82 1.0 0.2 -9999 W_O 1.6 0.7 -9999 -9999 90.0
1085 To_network J33 418441.684178 4577867.66155 37.95 1.0 0.2 -9999 W_O 1.6 0.7 -9999 -9999 90.0
1086 To_network J33 418460.78424 4577868.24034 37.95 1.0 0.2 -9999 W_O 1.6 0.7 -9999 -9999 90.0
1087 To_network J33 418469.466087 4577869.397919 37.84 1.0 0.2 -9999 W_O 1.6 0.7 -9999 -9999 90.0
1088 To_network J43 418451.957696 4577919.752629 34.17 1.0 0.2 -9999 W_O 1.6 0.7 -9999 -9999 90.0
1089 To_network J43 418460.2336471434 4577920.954952416 34.14 1.0 0.2 -9999 W_O 1.6 0.7 -9999 -9999 90.0
1090 To_network J48 418559.033802 4577952.45425 32.34 1.0 0.2 -9999 W_O 1.6 0.7 -9999 -9999 90.0
1091 To_network J51 418540.078437 4578001.506682 31.45 1.0 0.2 -9999 W_O 1.6 0.7 -9999 -9999 90.0
1092 To_network J51 418548.147287902 4578003.403489479 31.47 1.0 0.2 -9999 W_O 1.6 0.7 -9999 -9999 90.0
1093 To_network J41 418440.815993 4577988.04982 33.18 1.0 0.2 -9999 W_O 1.6 0.7 -9999 -9999 90.0
1094 To_network J41 418449.787235 4577990.075584 33.27 1.0 0.2 -9999 W_O 1.6 0.7 -9999 -9999 90.0
1095 To_network J39 418342.566432 4577944.785286 36.66 1.0 0.2 -9999 W_O 1.6 0.7 -9999 -9999 90.0
1096 To_network J40 418391.763561 4577975.750538 34.81 1.0 0.2 -9999 W_O 1.6 0.7 -9999 -9999 90.0
1097 To_network J41 418434.159911 4578006.426395 33.45 1.0 0.2 -9999 W_O 1.6 0.7 -9999 -9999 90.0
1098 To_network J55 418476.266866 4578033.050724 32.08 1.0 0.2 -9999 W_O 1.6 0.7 -9999 -9999 90.0
1099 To_network J52 418525.463996 4578055.623525 30.39 1.0 0.2 -9999 UPC -9999 -9999 0.496 0.712 90.0
1100 To_network J53 418578.278561 4578072.987217 29.45 1.0 0.2 -9999 UPC -9999 -9999 0.496 0.712 90.0
1101 To_network J22 418433.725819 4577764.492275 43.71 1.0 0.2 -9999 UPC -9999 -9999 0.496 0.712 90.0
1102 To_network J5 418586.092223 4577689.973094 40.02 1.0 0.2 -9999 UPC -9999 -9999 0.496 0.712 90.0
1103 To_network J5 418584.066459 4577703.285258 40.1 1.0 0.2 -9999 UPC -9999 -9999 0.496 0.712 90.0
